"","from","to","TimeDiff"
"1","0","269","37.569671717739"
"2","269","533","1"
"3","533","578","6.74497117184778"
"4","533","579","6.74497117184778"
"5","533","580","6.74497117184778"
"6","578","624","5.54602055898402"
"7","578","625","5.54602055898402"
"8","578","626","5.54602055898402"
"9","578","627","5.54602055898402"
"10","579","742","15.8888007548026"
"11","624","772","12.9397017626535"
"12","742","822","5.80261956255526"
"13","742","823","5.80261956255526"
"14","742","824","5.80261956255526"
"15","626","859","19.3612977559458"
"16","626","860","19.3612977559458"
"17","824","964","12.2519342362272"
"18","964","1039","7.18507331541278"
"19","964","1040","7.18507331541278"
"20","1039","1291","18.0449969607359"
"21","1039","1292","18.0449969607359"
"22","1292","1426","11.4291786777719"
"23","1291","1427","11.4578510077068"
"24","1291","1428","11.4578510077068"
"25","1291","1429","11.4578510077068"
"26","1291","1430","11.4578510077068"
"27","1291","1431","11.4578510077068"
"28","1291","1432","11.4578510077068"
"29","1291","1433","11.4578510077068"
"30","1427","1547","6.95602866503891"
"31","1427","1548","6.95602866503891"
"32","1427","1549","6.95602866503891"
"33","1432","1582","9.91679588382941"
"34","1433","1626","14.3341722614937"
"35","627","1683","84.6756098351406"
"36","1430","1758","23.978270436481"
"37","859","1762","69.9524719492958"
"38","859","1763","69.9524719492958"
"39","859","1764","69.9524719492958"
"40","859","1765","69.9524719492958"
"41","859","1766","69.9524719492958"
"42","859","1767","69.9524719492958"
"43","859","1768","69.9524719492958"
"44","859","1769","69.9524719492958"
"45","1763","1959","14.3888096799285"
"46","1683","2071","27.6554970763139"
"47","1767","2081","23.3887658068014"
"48","1769","2085","23.6995494524026"
"49","1769","2086","23.6995494524026"
"50","1769","2087","23.6995494524026"
"51","1549","2095","42.2704682975144"
"52","1959","2140","13.3517618930275"
"53","1959","2141","13.3517618930275"
"54","1959","2142","13.3517618930275"
"55","2087","2197","7.86628237975147"
"56","2087","2198","7.86628237975147"
"57","2087","2199","7.86628237975147"
"58","2087","2200","7.86628237975147"
"59","2087","2201","7.86628237975147"
"60","2071","2248","11.8065602600109"
"61","2201","2343","8.01118709185997"
"62","2201","2344","8.01118709185997"
"63","2201","2345","8.01118709185997"
"64","2086","2409","19.197614946602"
"65","2086","2410","19.197614946602"
"66","1626","2485","58.5040704350209"
"67","1626","2486","58.5040704350209"
"68","2085","2523","26.5698674126532"
"69","2344","2534","11.3793323865917"
"70","2344","2535","11.3793323865917"
"71","2523","2610","6.57199858167138"
"72","2523","2611","6.57199858167138"
"73","2523","2612","6.57199858167138"
"74","2410","2629","15.3921443591846"
"75","2410","2630","15.3921443591846"
"76","2198","2662","28.6283886921339"
"77","2198","2663","28.6283886921339"
"78","2409","2746","24.3960501666678"
"79","2409","2747","24.3960501666678"
"80","2409","2748","24.3960501666678"
"81","2409","2749","24.3960501666678"
"82","2611","2755","10.8621888474941"
"83","2611","2756","10.8621888474941"
"84","2534","2788","17.5950025597298"
"85","2534","2789","17.5950025597298"
"86","2534","2790","17.5950025597298"
"87","2535","2814","19.9220583455535"
"88","2535","2815","19.9220583455535"
"89","2663","2829","11.5063422026066"
"90","2663","2830","11.5063422026066"
"91","2485","2874","26.4553134038096"
"92","2874","2967","6.42378967669958"
"93","2874","2968","6.42378967669958"
"94","2814","3012","13.4307434762796"
"95","2662","3094","27.9251168025409"
"96","2662","3095","27.9251168025409"
"97","2756","3140","24.1919184132246"
"98","2815","3149","21.9520751441994"
"99","2815","3150","21.9520751441994"
"100","2747","3153","25.668845559339"
"101","2747","3154","25.668845559339"
"102","2747","3155","25.668845559339"
"103","3012","3176","10.4377147648962"
"104","2967","3203","14.8054156939635"
"105","2967","3204","14.8054156939635"
"106","2967","3205","14.8054156939635"
"107","3095","3208","8.54669865575531"
"108","3095","3209","8.54669865575531"
"109","3095","3210","8.54669865575531"
"110","3095","3211","8.54669865575531"
"111","2748","3212","29.7284459523162"
"112","2748","3213","29.7284459523162"
"113","2748","3214","29.7284459523162"
"114","2748","3215","29.7284459523162"
"115","2748","3216","29.7284459523162"
"116","2610","3270","43.6937312872258"
"117","2610","3271","43.6937312872258"
"118","2610","3272","43.6937312872258"
"119","2746","3298","34.6974169758083"
"120","2142","3312","74.9929648077412"
"121","2142","3313","74.9929648077412"
"122","2790","3365","37.0405249257626"
"123","3210","3368","9.20436827186103"
"124","3203","3413","12.6289656081414"
"125","2829","3473","40.236314205821"
"126","2789","3617","51.361066479403"
"127","2789","3618","51.361066479403"
"128","2968","3638","39.2759283632114"
"129","3215","3649","24.2622210865108"
"130","3215","3650","24.2622210865108"
"131","3473","3651","9.35368581819498"
"132","3272","3768","28.5295774370305"
"133","3272","3769","28.5295774370305"
"134","3272","3770","28.5295774370305"
"135","3272","3771","28.5295774370305"
"136","3272","3772","28.5295774370305"
"137","3272","3773","28.5295774370305"
"138","3272","3774","28.5295774370305"
"139","3272","3775","28.5295774370305"
"140","3651","3809","10.6779443929059"
"141","3651","3810","10.6779443929059"
"142","3769","3835","3.96258115668979"
"143","3770","3906","8.65764168654718"
"144","3771","4007","13.8678986402971"
"145","3809","4012","11.1787617722096"
"146","3809","4013","11.1787617722096"
"147","3772","4022","14.4941946270406"
"148","3906","4086","9.01615374078295"
"149","3906","4087","9.01615374078295"
"150","3906","4088","9.01615374078295"
"151","3365","4137","44.6485212785855"
"152","3298","4177","50.93899407161"
"153","3298","4178","50.93899407161"
"154","4012","4210","11.775371659247"
"155","4012","4211","11.775371659247"
"156","3214","4267","60.4521700511838"
"157","3835","4308","26.1647485719709"
"158","3835","4309","26.1647485719709"
"159","3835","4310","26.1647485719709"
"160","3413","4319","51.2997136462218"
"161","3413","4320","51.2997136462218"
"162","3413","4321","51.2997136462218"
"163","3413","4322","51.2997136462218"
"164","4320","4408","4.48798958412056"
"165","4320","4409","4.48798958412056"
"166","4320","4410","4.48798958412056"
"167","4322","4431","5.38131037805391"
"168","4309","4494","10.0683919597056"
"169","4086","4544","24.8385731686585"
"170","4086","4545","24.8385731686585"
"171","4409","4738","17.2325278153367"
"172","4409","4739","17.2325278153367"
"173","4211","4788","29.6959646735949"
"174","4308","4951","32.9125726052739"
"175","4308","4952","32.9125726052739"
"176","4308","4953","32.9125726052739"
"177","4308","4954","32.9125726052739"
"178","4308","4955","32.9125726052739"
"179","4013","5306","67.5167291876546"
"180","4013","5307","67.5167291876546"
"181","4954","5370","21.3546952862088"
"182","4954","5371","21.3546952862088"
"183","5306","5639","16.8031230428529"
"184","4408","5799","69.4120829196734"
"185","4408","5800","69.4120829196734"
"186","4408","5801","69.4120829196734"
"187","4408","5802","69.4120829196734"
"188","5799","5996","8.28084990638183"
"189","5799","5997","8.28084990638183"
"190","5799","5998","8.28084990638183"
"191","5799","5999","8.28084990638183"
"192","5799","6000","8.28084990638183"
"193","5799","6001","8.28084990638183"
"194","5639","6094","18.3743015233473"
"195","5639","6095","18.3743015233473"
"196","5639","6096","18.3743015233473"
"197","5999","6222","7.61569689304281"
"198","6095","6261","7.01177910359007"
"199","6094","6346","10.9755077191694"
"200","6222","6368","7.27836853639587"
"201","6222","6369","7.27836853639587"
"202","6222","6370","7.27836853639587"
"203","6222","6371","7.27836853639587"
"204","5997","6417","17.49688446082"
"205","5997","6418","17.49688446082"
"206","5997","6419","17.49688446082"
"207","4319","6463","101.407465675861"
"208","6368","6545","8.1146322618107"
"209","6371","6603","11.0763152375849"
"210","6371","6604","11.0763152375849"
"211","6371","6605","11.0763152375849"
"212","6418","6647","10.2084772199385"
"213","6346","6845","21.0726304946193"
"214","5370","6930","67.9368548534599"
"215","5370","6931","67.9368548534599"
"216","5996","6946","39.3065970563907"
"217","6419","6958","21.8692512434847"
"218","5800","6977","48.3426319566271"
"219","5800","6978","48.3426319566271"
"220","5800","6979","48.3426319566271"
"221","6001","7016","41.839581513404"
"222","6001","7017","41.839581513404"
"223","6001","7018","41.839581513404"
"224","6978","7019","1.93305147968579"
"225","6978","7020","1.93305147968579"
"226","6978","7021","1.93305147968579"
"227","5998","7083","44.9183683369097"
"228","5802","7108","55.1817802480436"
"229","6977","7203","10.1832103824266"
"230","6369","7233","36.4310110929327"
"231","6369","7234","36.4310110929327"
"232","6369","7235","36.4310110929327"
"233","7017","7261","11.6452033595982"
"234","7017","7262","11.6452033595982"
"235","7017","7263","11.6452033595982"
"236","7021","7338","13.9970814739258"
"237","7016","7390","16.8294060504501"
"238","7016","7391","16.8294060504501"
"239","7016","7392","16.8294060504501"
"240","7083","7527","20.7123088065764"
"241","6930","7576","29.8806339165956"
"242","6930","7577","29.8806339165956"
"243","7392","7586","10.8176052134453"
"244","7392","7587","10.8176052134453"
"245","7392","7588","10.8176052134453"
"246","7392","7589","10.8176052134453"
"247","7262","7615","17.3151429507355"
"248","7262","7616","17.3151429507355"
"249","7587","7677","4.22203259162615"
"250","7587","7678","4.22203259162615"
"251","7203","7701","24.8959486655238"
"252","7588","7731","7.87336874251196"
"253","7588","7732","7.87336874251196"
"254","7577","7744","8.76774909462887"
"255","7391","7766","20.7814581155488"
"256","7586","7767","9.98731689040409"
"257","6958","7778","40.777012940147"
"258","6958","7779","40.777012940147"
"259","6958","7780","40.777012940147"
"260","7615","7862","12.4847337063119"
"261","7615","7863","12.4847337063119"
"262","6979","7895","45.5131872489363"
"263","6979","7896","45.5131872489363"
"264","7390","7975","31.83506858999"
"265","7390","7976","31.83506858999"
"266","7896","8019","7.29257116428931"
"267","7896","8020","7.29257116428931"
"268","7233","8039","43.2262065165293"
"269","7766","8122","19.9729245840926"
"270","7766","8123","19.9729245840926"
"271","7895","8188","17.940283003684"
"272","7895","8189","17.940283003684"
"273","7895","8190","17.940283003684"
"274","8123","8273","10.3334959995971"
"275","8123","8274","10.3334959995971"
"276","8123","8275","10.3334959995971"
"277","8019","8304","18.7406115614937"
"278","7780","8365","35.3970602422777"
"279","7780","8366","35.3970602422777"
"280","7780","8367","35.3970602422777"
"281","7780","8368","35.3970602422777"
"282","8039","8408","24.0954365411241"
"283","8039","8409","24.0954365411241"
"284","8039","8410","24.0954365411241"
"285","7732","8421","42.3176393600179"
"286","8122","8426","20.8647184587413"
"287","8273","8442","12.4176702831444"
"288","8190","8445","18.8654496991833"
"289","8190","8446","18.8654496991833"
"290","8410","8473","4.9302815779734"
"291","7731","8499","47.6053211221285"
"292","7576","8506","56.3967204758771"
"293","7576","8507","56.3967204758771"
"294","8365","8519","10.9495122883255"
"295","8366","8548","12.2229333347286"
"296","8366","8549","12.2229333347286"
"297","8366","8550","12.2229333347286"
"298","8366","8551","12.2229333347286"
"299","7701","8565","53.34844842451"
"300","7701","8566","53.34844842451"
"301","7701","8567","53.34844842451"
"302","7701","8568","53.34844842451"
"303","7701","8569","53.34844842451"
"304","7701","8570","53.34844842451"
"305","8568","8634","2.82043950869519"
"306","8568","8635","2.82043950869519"
"307","8635","8664","1.94632579485591"
"308","8635","8665","1.94632579485591"
"309","8507","8668","8.15040554179859"
"310","8426","8670","13.229781779084"
"311","8445","8681","11.6930182145557"
"312","8445","8682","11.6930182145557"
"313","8550","8684","6.96661718861725"
"314","8566","8697","7.44542222816852"
"315","2095","8733","355.489251389231"
"316","2095","8734","355.489251389231"
"317","2095","8735","355.489251389231"
"318","2095","8736","355.489251389231"
"319","2095","8737","355.489251389231"
"320","2095","8738","355.489251389231"
"321","8736","8777","2.90345721027415"
"322","8506","8791","16.3455832233832"
"323","8506","8792","16.3455832233832"
"324","8506","8793","16.3455832233832"
"325","8565","8794","13.233694786565"
"326","8565","8795","13.233694786565"
"327","8565","8796","13.233694786565"
"328","8442","8797","19.5529411729354"
"329","8408","8814","23.9875634305644"
"330","6370","8859","132.275418298832"
"331","8796","8906","8.66128275242079"
"332","8796","8907","8.66128275242079"
"333","8567","8978","26.6136804834927"
"334","8682","8981","21.2380535227514"
"335","8792","8985","14.2671627198108"
"336","8792","8986","14.2671627198108"
"337","8792","8987","14.2671627198108"
"338","8697","9012","20.8532014882934"
"339","8569","9057","30.5761580079396"
"340","8569","9058","30.5761580079396"
"341","8569","9059","30.5761580079396"
"342","8569","9060","30.5761580079396"
"343","8569","9061","30.5761580079396"
"344","8569","9062","30.5761580079396"
"345","8569","9063","30.5761580079396"
"346","8548","9104","33.7195904377787"
"347","8548","9105","33.7195904377787"
"348","7863","9107","78.4008229025897"
"349","8684","9112","27.8946951533383"
"350","8985","9113","6.85501750520388"
"351","8985","9114","6.85501750520388"
"352","8981","9151","10.1485841350326"
"353","8981","9152","10.1485841350326"
"354","9012","9160","9.62474774093914"
"355","9012","9161","9.62474774093914"
"356","9012","9162","9.62474774093914"
"357","9160","9204","1.82366689410509"
"358","9160","9205","1.82366689410509"
"359","8793","9244","28.7982990652543"
"360","9105","9258","9.90679834325067"
"361","8549","9277","44.6694093346754"
"362","8549","9278","44.6694093346754"
"363","9063","9280","13.5891296732496"
"364","9063","9281","13.5891296732496"
"365","9063","9282","13.5891296732496"
"366","9063","9283","13.5891296732496"
"367","9058","9284","13.6732955765504"
"368","9058","9285","13.6732955765504"
"369","9112","9335","12.5898371141406"
"370","8634","9345","44.1491777646715"
"371","8907","9347","25.3902195990437"
"372","8907","9348","25.3902195990437"
"373","9285","9357","4.75957605258714"
"374","9059","9417","22.1805182501815"
"375","9059","9418","22.1805182501815"
"376","9059","9419","22.1805182501815"
"377","8670","9488","52.4136706090245"
"378","8670","9489","52.4136706090245"
"379","8670","9490","52.4136706090245"
"380","8978","9510","32.3423008044887"
"381","8978","9511","32.3423008044887"
"382","8978","9512","32.3423008044887"
"383","8978","9513","32.3423008044887"
"384","8978","9514","32.3423008044887"
"385","9107","9519","26.0402014504528"
"386","9107","9520","26.0402014504528"
"387","9107","9521","26.0402014504528"
"388","9417","9548","8.48661577714233"
"389","9521","9578","3.17749897378383"
"390","9284","9583","18.4987185066067"
"391","9284","9584","18.4987185066067"
"392","9281","9588","18.7063511242166"
"393","9281","9589","18.7063511242166"
"394","9281","9590","18.7063511242166"
"395","9490","9629","8.22110700508949"
"396","9280","9666","24.1298806539011"
"397","9347","9718","22.9070743119647"
"398","9347","9719","22.9070743119647"
"399","9589","9742","8.47236708267428"
"400","9511","9749","12.6125212984837"
"401","9511","9750","12.6125212984837"
"402","9511","9751","12.6125212984837"
"403","9418","9752","18.9101902066104"
"404","9548","9802","12.6225142175681"
"405","9548","9803","12.6225142175681"
"406","9514","9864","19.2624335098728"
"407","9750","9923","9.52588588992182"
"408","9113","9937","49.0354626045731"
"409","9113","9938","49.0354626045731"
"410","8499","9940","86.9008548924699"
"411","9277","9966","40.7728615421465"
"412","9277","9967","40.7728615421465"
"413","9277","9968","40.7728615421465"
"414","9161","9988","48.0477341393441"
"415","9161","9989","48.0477341393441"
"416","9161","9990","48.0477341393441"
"417","9161","9991","48.0477341393441"
"418","9161","9992","48.0477341393441"
"419","9161","9993","48.0477341393441"
"420","9161","9994","48.0477341393441"
"421","9161","9995","48.0477341393441"
"422","9161","9996","48.0477341393441"
"423","9937","10013","3.61160726215394"
"424","9742","10017","15.9756600940517"
"425","9751","10024","15.9679772820683"
"426","9751","10025","15.9679772820683"
"427","9751","10026","15.9679772820683"
"428","9151","10046","51.25539399585"
"429","9992","10118","5.80923132609735"
"430","9992","10119","5.80923132609735"
"431","9992","10120","5.80923132609735"
"432","9992","10121","5.80923132609735"
"433","9512","10153","35.0042632738882"
"434","9512","10154","35.0042632738882"
"435","9512","10155","35.0042632738882"
"436","9512","10156","35.0042632738882"
"437","9512","10157","35.0042632738882"
"438","10017","10160","7.21778356092284"
"439","9488","10169","37.4168492211895"
"440","9488","10170","37.4168492211895"
"441","9488","10171","37.4168492211895"
"442","9488","10172","37.4168492211895"
"443","9488","10173","37.4168492211895"
"444","8367","10184","108.675352221599"
"445","8367","10185","108.675352221599"
"446","10025","10193","8.58518153036675"
"447","10025","10194","8.58518153036675"
"448","9345","10260","53.7836117323692"
"449","9345","10261","53.7836117323692"
"450","9345","10262","53.7836117323692"
"451","9345","10263","53.7836117323692"
"452","9345","10264","53.7836117323692"
"453","7778","10276","149.941377495996"
"454","10157","10294","8.08469835319465"
"455","10157","10295","8.08469835319465"
"456","10157","10296","8.08469835319465"
"457","10157","10297","8.08469835319465"
"458","9967","10318","18.7198716520022"
"459","9967","10319","18.7198716520022"
"460","9967","10320","18.7198716520022"
"461","9590","10335","41.32425774316"
"462","9966","10339","20.2826631298586"
"463","9966","10340","20.2826631298586"
"464","9966","10341","20.2826631298586"
"465","9990","10351","19.5843094602334"
"466","9629","10367","40.8994355193181"
"467","9629","10368","40.8994355193181"
"468","9629","10369","40.8994355193181"
"469","10160","10378","12.4519276135785"
"470","10160","10379","12.4519276135785"
"471","10153","10387","13.7624300463307"
"472","10260","10388","6.97741031074258"
"473","10171","10423","14.5314220868161"
"474","9994","10444","24.5373871176196"
"475","9994","10445","24.5373871176196"
"476","9988","10466","25.483823789099"
"477","9988","10467","25.483823789099"
"478","10024","10468","23.9802206787722"
"479","10173","10478","17.240891965533"
"480","10173","10479","17.240891965533"
"481","9864","10485","34.1585277388463"
"482","9864","10486","34.1585277388463"
"483","9864","10487","34.1585277388463"
"484","10319","10507","9.59404304137047"
"485","10319","10508","9.59404304137047"
"486","10319","10509","9.59404304137047"
"487","10319","10510","9.59404304137047"
"488","9993","10518","27.5058258343012"
"489","9993","10519","27.5058258343012"
"490","9993","10520","27.5058258343012"
"491","10184","10521","17.8058664872661"
"492","9666","10523","45.273657397933"
"493","10194","10549","18.5441630069433"
"494","8791","10554","101.727684871123"
"495","10193","10558","19.063736253373"
"496","10339","10596","12.5206864119625"
"497","10335","10619","14.6931081224656"
"498","10508","10656","9.3736417938627"
"499","10508","10657","9.3736417938627"
"500","10263","10667","22.0008978031196"
"501","10263","10668","22.0008978031196"
"502","10619","10687","4.41081950279727"
"503","10619","10688","4.41081950279727"
"504","10619","10689","4.41081950279727"
"505","10478","10726","14.2981044013359"
"506","10295","10728","24.3874679179984"
"507","10487","10797","17.5857453601081"
"508","10521","10873","20.0383936105112"
"509","10154","10876","39.7918040203598"
"510","10118","10902","43.592466616288"
"511","10318","10910","32.0895257091491"
"512","10688","10943","14.6357836548099"
"513","10688","10944","14.6357836548099"
"514","10688","10945","14.6357836548099"
"515","10688","10946","14.6357836548099"
"516","10688","10947","14.6357836548099"
"517","9749","10952","66.6137883739009"
"518","10728","10957","12.0987852213374"
"519","10728","10958","12.0987852213374"
"520","10728","10959","12.0987852213374"
"521","10668","10968","16.397492069264"
"522","10668","10969","16.397492069264"
"523","10518","10972","26.5875292302264"
"524","10518","10973","26.5875292302264"
"525","10518","10974","26.5875292302264"
"526","10518","10975","26.5875292302264"
"527","10369","11004","35.1669027901456"
"528","10369","11005","35.1669027901456"
"529","10657","11076","23.0334615349692"
"530","10657","11077","23.0334615349692"
"531","10657","11078","23.0334615349692"
"532","10368","11079","39.1972823321959"
"533","10368","11080","39.1972823321959"
"534","10368","11081","39.1972823321959"
"535","11004","11092","5.3060413080035"
"536","11004","11093","5.3060413080035"
"537","10264","11106","47.51338544309"
"538","10264","11107","47.51338544309"
"539","10519","11138","36.9167713970418"
"540","11078","11159","6.2066609968681"
"541","10944","11176","15.0012426790529"
"542","10944","11177","15.0012426790529"
"543","10944","11178","15.0012426790529"
"544","10944","11179","15.0012426790529"
"545","10944","11180","15.0012426790529"
"546","11079","11181","7.23378304691039"
"547","11079","11182","7.23378304691039"
"548","11081","11198","8.13223455451032"
"549","11081","11199","8.13223455451032"
"550","10119","11209","63.1032441193013"
"551","10119","11210","63.1032441193013"
"552","10119","11211","63.1032441193013"
"553","10947","11235","18.7170288820615"
"554","10947","11236","18.7170288820615"
"555","11093","11248","10.0482712102253"
"556","10952","11250","18.9904242627842"
"557","11080","11257","11.7633924674658"
"558","11080","11258","11.7633924674658"
"559","11080","11259","11.7633924674658"
"560","11080","11260","11.7633924674658"
"561","11080","11261","11.7633924674658"
"562","11107","11281","10.4352625286158"
"563","11107","11282","10.4352625286158"
"564","11107","11283","10.4352625286158"
"565","10341","11295","54.3768931422092"
"566","10013","11297","72.9117426489121"
"567","10554","11330","46.5671558278931"
"568","10959","11331","23.2190943880589"
"569","10959","11332","23.2190943880589"
"570","10959","11333","23.2190943880589"
"571","10959","11334","23.2190943880589"
"572","10959","11335","23.2190943880589"
"573","10485","11340","49.7095083292022"
"574","10485","11341","49.7095083292022"
"575","10485","11342","49.7095083292022"
"576","10485","11343","49.7095083292022"
"577","10485","11344","49.7095083292022"
"578","11005","11349","20.6881654302738"
"579","10466","11350","50.9760250823801"
"580","10973","11362","22.8630560817091"
"581","8304","11371","180.105385032333"
"582","8304","11372","180.105385032333"
"583","8304","11373","180.105385032333"
"584","10910","11387","27.9869153673358"
"585","10910","11388","27.9869153673358"
"586","11261","11402","7.40571002931893"
"587","11261","11403","7.40571002931893"
"588","11261","11404","7.40571002931893"
"589","11261","11405","7.40571002931893"
"590","11261","11406","7.40571002931893"
"591","11176","11410","12.4240854401917"
"592","10687","11412","42.1535192658837"
"593","10687","11413","42.1535192658837"
"594","10687","11414","42.1535192658837"
"595","10687","11415","42.1535192658837"
"596","11260","11448","9.40848681918908"
"597","11260","11449","9.40848681918908"
"598","11341","11461","5.84744811054861"
"599","11349","11493","7.66710061801643"
"600","11349","11494","7.66710061801643"
"601","11349","11495","7.66710061801643"
"602","11371","11501","7.25967760773892"
"603","10972","11506","30.8900506656615"
"604","10445","11515","61.097947394318"
"605","11405","11524","7.40312691058921"
"606","10974","11548","33.216227552602"
"607","10974","11549","33.216227552602"
"608","10974","11550","33.216227552602"
"609","11235","11559","17.6018345666504"
"610","11235","11560","17.6018345666504"
"611","11235","11561","17.6018345666504"
"612","11493","11579","5.34568128895683"
"613","11493","11580","5.34568128895683"
"614","11350","11592","13.8460249843005"
"615","11350","11593","13.8460249843005"
"616","11350","11594","13.8460249843005"
"617","11138","11595","26.0297679465833"
"618","11138","11596","26.0297679465833"
"619","11211","11623","22.937461419055"
"620","11211","11624","22.937461419055"
"621","11402","11636","13.4082397247071"
"622","11494","11641","8.41052855649116"
"623","11494","11642","8.41052855649116"
"624","11297","11643","18.7518555458688"
"625","11297","11644","18.7518555458688"
"626","11413","11655","14.2732832537829"
"627","11340","11657","17.8354404227298"
"628","11340","11658","17.8354404227298"
"629","11340","11659","17.8354404227298"
"630","11410","11670","15.4638356713434"
"631","11283","11705","24.86376960338"
"632","11283","11706","24.86376960338"
"633","11283","11707","24.86376960338"
"634","11343","11733","22.6179599678497"
"635","11415","11737","20.01234568114"
"636","11415","11738","20.01234568114"
"637","11415","11739","20.01234568114"
"638","11415","11740","20.01234568114"
"639","11643","11741","6.95381576245586"
"640","11643","11742","6.95381576245586"
"641","11404","11747","20.6748954045993"
"642","11236","11758","30.1062910422752"
"643","11461","11759","19.0271336846172"
"644","11461","11760","19.0271336846172"
"645","11334","11775","25.5288451122376"
"646","11334","11776","25.5288451122376"
"647","11334","11777","25.5288451122376"
"648","11707","11789","4.21132381858604"
"649","11707","11790","4.21132381858604"
"650","11737","11827","4.16785074436984"
"651","11737","11828","4.16785074436984"
"652","11559","11833","16.0852470179643"
"653","11448","11858","24.9411205346292"
"654","11448","11859","24.9411205346292"
"655","11388","11860","28.378850043349"
"656","11198","11861","38.0635063899639"
"657","10873","11862","58.4010477427771"
"658","10873","11863","58.4010477427771"
"659","10873","11864","58.4010477427771"
"660","11076","11878","47.6282396801382"
"661","11561","11880","19.1341353430479"
"662","9162","11881","155.559045052164"
"663","11524","11893","22.0116282778658"
"664","11524","11894","22.0116282778658"
"665","11524","11895","22.0116282778658"
"666","11524","11896","22.0116282778658"
"667","11281","11900","36.0418615847337"
"668","11281","11901","36.0418615847337"
"669","11859","11920","4.34221414349736"
"670","11859","11921","4.34221414349736"
"671","11550","11932","23.4685226437643"
"672","11550","11933","23.4685226437643"
"673","11858","11947","5.86991499371607"
"674","11636","11960","19.9189442872298"
"675","11740","11969","13.7078558639251"
"676","11740","11970","13.7078558639251"
"677","11659","11973","19.7729513387939"
"678","11659","11974","19.7729513387939"
"679","11659","11975","19.7729513387939"
"680","11860","11979","8.26663974587484"
"681","11560","11980","25.9153644393738"
"682","11560","11981","25.9153644393738"
"683","11560","11982","25.9153644393738"
"684","11560","11983","25.9153644393738"
"685","11258","11984","42.7109832724403"
"686","11258","11985","42.7109832724403"
"687","11742","11991","14.8631473441168"
"688","11742","11992","14.8631473441168"
"689","11742","11993","14.8631473441168"
"690","11742","11994","14.8631473441168"
"691","11742","11995","14.8631473441168"
"692","11657","11996","20.538977392906"
"693","11741","12020","15.7317577179221"
"694","11895","12070","10.0343427954492"
"695","11960","12083","6.6745568278111"
"696","11739","12091","19.9706411920671"
"697","11739","12092","19.9706411920671"
"698","11739","12093","19.9706411920671"
"699","11921","12109","10.9359744659982"
"700","11974","12136","9.35423029267417"
"701","11974","12137","9.35423029267417"
"702","11974","12138","9.35423029267417"
"703","11974","12139","9.35423029267417"
"704","11864","12142","17.4904358768782"
"705","11991","12146","9.78848275208532"
"706","11257","12150","52.8886445864147"
"707","11257","12151","52.8886445864147"
"708","11833","12165","21.2106004552284"
"709","11833","12166","21.2106004552284"
"710","11994","12172","11.6098902097956"
"711","11994","12173","11.6098902097956"
"712","11861","12209","21.8688382507402"
"713","12070","12221","10.9332256192421"
"714","11992","12228","15.4702281851554"
"715","11980","12264","18.8121636854961"
"716","11896","12268","24.9958186856446"
"717","10969","12281","81.0106767097399"
"718","12091","12290","15.291256226895"
"719","12264","12314","3.51085139856093"
"720","12264","12315","3.51085139856093"
"721","11982","12360","24.799159791203"
"722","11982","12361","24.799159791203"
"723","11982","12362","24.799159791203"
"724","11982","12363","24.799159791203"
"725","11182","12389","73.5906498168866"
"726","11182","12390","73.5906498168866"
"727","11182","12391","73.5906498168866"
"728","11182","12392","73.5906498168866"
"729","12315","12402","4.48881900846141"
"730","12315","12403","4.48881900846141"
"731","12315","12404","4.48881900846141"
"732","12315","12405","4.48881900846141"
"733","12315","12406","4.48881900846141"
"734","12209","12415","13.4762784554993"
"735","12209","12416","13.4762784554993"
"736","12209","12417","13.4762784554993"
"737","12209","12418","13.4762784554993"
"738","12209","12419","13.4762784554993"
"739","12150","12471","20.3883388222192"
"740","12150","12472","20.3883388222192"
"741","12150","12473","20.3883388222192"
"742","12473","12593","7.98677496094535"
"743","11642","12595","60.7621520868166"
"744","11642","12596","60.7621520868166"
"745","11642","12597","60.7621520868166"
"746","11642","12598","60.7621520868166"
"747","11920","12599","43.1028306807008"
"748","11920","12600","43.1028306807008"
"749","11920","12601","43.1028306807008"
"750","12361","12603","14.5037492079954"
"751","12361","12604","14.5037492079954"
"752","11670","12628","60.9397578469232"
"753","11670","12629","60.9397578469232"
"754","12314","12656","20.7090069211359"
"755","12596","12666","4.59980199913593"
"756","12596","12667","4.59980199913593"
"757","12596","12668","4.59980199913593"
"758","11985","12683","44.5824510200094"
"759","11985","12684","44.5824510200094"
"760","11985","12685","44.5824510200094"
"761","11985","12686","44.5824510200094"
"762","11624","12699","67.8723515293763"
"763","11259","12705","88.6426185022694"
"764","11259","12706","88.6426185022694"
"765","11862","12736","55.6525915482242"
"766","12389","12748","21.8092868874486"
"767","12389","12749","21.8092868874486"
"768","11333","12750","86.6524622635844"
"769","12418","12757","21.6963122595014"
"770","12601","12763","9.87371471466008"
"771","12601","12764","9.87371471466008"
"772","12601","12765","9.87371471466008"
"773","12601","12766","9.87371471466008"
"774","12363","12773","24.8751288356025"
"775","12685","12798","6.43993992017749"
"776","12221","12813","38.1108365570186"
"777","12221","12814","38.1108365570186"
"778","11947","12815","55.9018628072547"
"779","11947","12816","55.9018628072547"
"780","11947","12817","55.9018628072547"
"781","11947","12818","55.9018628072547"
"782","12750","12853","7.29283231361364"
"783","12390","12880","31.3338752735714"
"784","12748","12889","9.88004515831778"
"785","12748","12890","9.88004515831778"
"786","12748","12891","9.88004515831778"
"787","12705","12904","12.8878941360156"
"788","12705","12905","12.8878941360156"
"789","12138","12906","50.0840230545163"
"790","12138","12907","50.0840230545163"
"791","12138","12908","50.0840230545163"
"792","12138","12909","50.0840230545163"
"793","12773","12947","11.5733079037464"
"794","11881","12954","68.9816597642359"
"795","11881","12955","68.9816597642359"
"796","11996","12963","63.450284964821"
"797","11996","12964","63.450284964821"
"798","12889","12971","6.39431445115747"
"799","12600","12997","26.2324293060938"
"800","12706","12999","19.4936698800494"
"801","12706","13000","19.4936698800494"
"802","12699","13019","21.0488515515807"
"803","12699","13020","21.0488515515807"
"804","11878","13022","73.8377968714586"
"805","12668","13023","23.0571079775004"
"806","12736","13054","20.4641389111762"
"807","12909","13092","10.1507335328372"
"808","12909","13093","10.1507335328372"
"809","12656","13095","26.255142517865"
"810","12656","13096","26.255142517865"
"811","12684","13121","26.4644589892882"
"812","12684","13122","26.4644589892882"
"813","12684","13123","26.4644589892882"
"814","12629","13143","31.250517297727"
"815","12686","13144","28.2576407783588"
"816","12818","13153","20.1214750292988"
"817","12818","13154","20.1214750292988"
"818","12683","13155","29.0705417211184"
"819","12683","13156","29.0705417211184"
"820","13121","13159","2.96746420709826"
"821","12749","13175","26.8810666657992"
"822","12749","13176","26.8810666657992"
"823","12749","13177","26.8810666657992"
"824","12906","13192","17.2518696736183"
"825","12906","13193","17.2518696736183"
"826","12906","13194","17.2518696736183"
"827","12815","13196","22.9642025140282"
"828","13092","13231","9.94283615557754"
"829","13092","13232","9.94283615557754"
"830","13092","13233","9.94283615557754"
"831","13092","13234","9.94283615557754"
"832","13092","13235","9.94283615557754"
"833","12890","13238","21.0385304358376"
"834","12667","13244","35.87476991914"
"835","13096","13305","13.0342819691772"
"836","13096","13306","13.0342819691772"
"837","11827","13335","94.5156849464209"
"838","11827","13336","94.5156849464209"
"839","11827","13337","94.5156849464209"
"840","13177","13343","9.16458653336167"
"841","13177","13344","9.16458653336167"
"842","12764","13357","35.7854340989946"
"843","12814","13386","32.6172647673875"
"844","12814","13387","32.6172647673875"
"845","12853","13388","30.3594703875765"
"846","12853","13389","30.3594703875765"
"847","12853","13390","30.3594703875765"
"848","12853","13391","30.3594703875765"
"849","12853","13392","30.3594703875765"
"850","12853","13393","30.3594703875765"
"851","13022","13406","19.6816470213637"
"852","13387","13433","1.55972587761642"
"853","12964","13446","24.0904413159534"
"854","12964","13447","24.0904413159534"
"855","12415","13448","60.7167865251865"
"856","12415","13449","60.7167865251865"
"857","12415","13450","60.7167865251865"
"858","12415","13451","60.7167865251865"
"859","12415","13452","60.7167865251865"
"860","13452","13485","2.90420474741813"
"861","13159","13489","17.4146804897925"
"862","13154","13493","17.9970983979645"
"863","13154","13494","17.9970983979645"
"864","12999","13501","26.4000747392047"
"865","13449","13507","4.43718072146316"
"866","13386","13527","7.54644111002062"
"867","13386","13528","7.54644111002062"
"868","13386","13529","7.54644111002062"
"869","13386","13530","7.54644111002062"
"870","13386","13531","7.54644111002062"
"871","13343","13548","10.4583296618754"
"872","13343","13549","10.4583296618754"
"873","13343","13550","10.4583296618754"
"874","13232","13551","15.6982874366532"
"875","13232","13552","15.6982874366532"
"876","13305","13568","13.4847303334434"
"877","13305","13569","13.4847303334434"
"878","13305","13570","13.4847303334434"
"879","13305","13571","13.4847303334434"
"880","13493","13577","4.55249764037342"
"881","13337","13616","14.7272599197385"
"882","13337","13617","14.7272599197385"
"883","13391","13661","14.8373694215393"
"884","13391","13662","14.8373694215393"
"885","13388","13676","15.5244969220639"
"886","8797","13679","288.904079282691"
"887","8797","13680","288.904079282691"
"888","8797","13681","288.904079282691"
"889","8797","13682","288.904079282691"
"890","13531","13690","8.85026002698271"
"891","13531","13691","8.85026002698271"
"892","13507","13702","10.2414116939351"
"893","13577","13710","6.7845024185134"
"894","13194","13714","27.0857221253941"
"895","13194","13715","27.0857221253941"
"896","13194","13716","27.0857221253941"
"897","13617","13717","4.67861072131814"
"898","13193","13724","27.5113394765973"
"899","13193","13725","27.5113394765973"
"900","13193","13726","27.5113394765973"
"901","13193","13727","27.5113394765973"
"902","13193","13728","27.5113394765973"
"903","13193","13729","27.5113394765973"
"904","13193","13730","27.5113394765973"
"905","13193","13731","27.5113394765973"
"906","13551","13736","9.07332660473458"
"907","13662","13738","3.18278963072953"
"908","13717","13749","0.977324801060035"
"909","13447","13755","16.9244220692038"
"910","13231","13778","26.8439068635699"
"911","13231","13779","26.8439068635699"
"912","13569","13780","10.127304828991"
"913","13569","13781","10.127304828991"
"914","13569","13782","10.127304828991"
"915","13552","13802","11.8774750042961"
"916","13406","13824","21.0808144254351"
"917","13406","13825","21.0808144254351"
"918","13406","13826","21.0808144254351"
"919","13550","13854","14.251266652403"
"920","12416","13868","82.8881499763855"
"921","12416","13869","82.8881499763855"
"922","12416","13870","82.8881499763855"
"923","13690","13928","10.0727577822912"
"924","13690","13929","10.0727577822912"
"925","12598","13933","73.7537101230188"
"926","13755","13953","9.81385744253828"
"927","12955","13959","52.6870976082142"
"928","12955","13960","52.6870976082142"
"929","13570","13984","20.4312268009331"
"930","13570","13985","20.4312268009331"
"931","13570","13986","20.4312268009331"
"932","13869","13992","7.45868887856886"
"933","13390","14003","32.983594093031"
"934","13390","14004","32.983594093031"
"935","13390","14005","32.983594093031"
"936","13548","14009","24.2901689895964"
"937","13448","14016","31.8394562085094"
"938","13778","14039","14.8236694945529"
"939","13960","14041","6.17629564025594"
"940","13731","14069","18.8211402141246"
"941","13736","14070","18.7874472084413"
"942","13710","14078","20.2556039279434"
"943","13868","14094","13.8530433404399"
"944","13868","14095","13.8530433404399"
"945","13715","14112","21.3539600639234"
"946","13715","14113","21.3539600639234"
"947","13715","14114","21.3539600639234"
"948","13715","14115","21.3539600639234"
"949","13933","14118","12.0415429544188"
"950","13933","14119","12.0415429544188"
"951","13779","14123","19.2544197782719"
"952","13779","14124","19.2544197782719"
"953","13716","14153","23.2207243748707"
"954","13716","14154","23.2207243748707"
"955","13984","14157","10.3067424799449"
"956","13984","14158","10.3067424799449"
"957","13984","14159","10.3067424799449"
"958","13984","14160","10.3067424799449"
"959","14009","14177","8.58198579411555"
"960","14009","14178","8.58198579411555"
"961","14009","14179","8.58198579411555"
"962","13726","14200","24.2737257002971"
"963","13726","14201","24.2737257002971"
"964","13702","14213","25.7387062450892"
"965","13702","14214","25.7387062450892"
"966","13702","14215","25.7387062450892"
"967","13702","14216","25.7387062450892"
"968","13702","14217","25.7387062450892"
"969","13702","14218","25.7387062450892"
"970","12963","14219","64.5987504522769"
"971","13233","14235","50.2666055264729"
"972","13233","14236","50.2666055264729"
"973","12766","14237","80.3826836283115"
"974","12766","14238","80.3826836283115"
"975","12766","14239","80.3826836283115"
"976","12766","14240","80.3826836283115"
"977","13433","14245","42.3761144673692"
"978","13433","14246","42.3761144673692"
"979","13825","14258","23.2619246442976"
"980","14016","14265","11.7222727924218"
"981","13549","14277","37.3374599094109"
"982","13549","14278","37.3374599094109"
"983","14069","14279","9.619573885558"
"984","14069","14280","9.619573885558"
"985","14114","14285","7.55858387366288"
"986","14114","14286","7.55858387366288"
"987","14114","14287","7.55858387366288"
"988","14114","14288","7.55858387366288"
"989","14114","14289","7.55858387366288"
"990","14118","14297","7.74250606285818"
"991","14118","14298","7.74250606285818"
"992","13691","14304","31.046753308069"
"993","13691","14305","31.046753308069"
"994","13691","14306","31.046753308069"
"995","13691","14307","31.046753308069"
"996","13691","14308","31.046753308069"
"997","13691","14309","31.046753308069"
"998","13122","14329","62.9892352753793"
"999","13122","14330","62.9892352753793"
"1000","13122","14331","62.9892352753793"
"1001","14004","14336","15.6740184842184"
"1002","14004","14337","15.6740184842184"
"1003","13123","14344","64.3223849328913"
"1004","13123","14345","64.3223849328913"
"1005","14124","14346","10.4246959829828"
"1006","14124","14347","10.4246959829828"
"1007","13616","14348","36.9021619360349"
"1008","14218","14356","7.82386255881977"
"1009","14218","14357","7.82386255881977"
"1010","14218","14358","7.82386255881977"
"1011","14218","14359","7.82386255881977"
"1012","14240","14360","6.80615462939716"
"1013","14236","14362","7.18415089854966"
"1014","14236","14363","7.18415089854966"
"1015","14215","14364","8.28331782636531"
"1016","14308","14368","3.40138161557752"
"1017","13854","14373","27.9558416600797"
"1018","13854","14374","27.9558416600797"
"1019","13854","14375","27.9558416600797"
"1020","13196","14384","60.6866944404911"
"1021","13196","14385","60.6866944404911"
"1022","13530","14386","44.0560820860674"
"1023","14201","14387","9.47697862795053"
"1024","14201","14388","9.47697862795053"
"1025","13724","14392","34.0420372275745"
"1026","13724","14393","34.0420372275745"
"1027","13724","14394","34.0420372275745"
"1028","14237","14408","8.7754026574421"
"1029","13093","14414","70.0130124989636"
"1030","14286","14439","8.93451471497883"
"1031","14286","14440","8.93451471497883"
"1032","14386","14449","4.04444301621879"
"1033","13824","14456","34.6990826103399"
"1034","13824","14457","34.6990826103399"
"1035","13824","14458","34.6990826103399"
"1036","13824","14459","34.6990826103399"
"1037","14123","14464","17.5020582036757"
"1038","14297","14467","10.4536773828063"
"1039","13782","14470","37.320244732058"
"1040","14277","14474","11.346541763986"
"1041","14094","14477","19.6669968689397"
"1042","14115","14478","18.9305312869525"
"1043","14160","14479","17.1375975968219"
"1044","14357","14490","8.38162708794562"
"1045","14364","14502","8.61688671762681"
"1046","14440","14504","4.2383665950224"
"1047","14439","14505","4.29894987151306"
"1048","14157","14506","18.9858653903186"
"1049","14157","14507","18.9858653903186"
"1050","14157","14508","18.9858653903186"
"1051","14477","14514","2.39378146556646"
"1052","14477","14515","2.39378146556646"
"1053","14374","14521","9.36011205425461"
"1054","14217","14538","19.1206474382809"
"1055","12666","14541","103.929077241052"
"1056","14337","14552","13.9924776761256"
"1057","14258","14553","17.8060542473522"
"1058","14159","14554","22.1011354573151"
"1059","14153","14569","22.8341259790687"
"1060","14154","14571","22.8475396805432"
"1061","14306","14575","16.8233168310217"
"1062","14457","14576","8.19625356093513"
"1063","14457","14577","8.19625356093513"
"1064","14458","14626","10.3776609610015"
"1065","14458","14627","10.3776609610015"
"1066","14458","14628","10.3776609610015"
"1067","14458","14629","10.3776609610015"
"1068","14245","14634","23.2213445431995"
"1069","14464","14635","10.4868985466516"
"1070","14005","14639","34.4906158086977"
"1071","14005","14640","34.4906158086977"
"1072","14502","14655","9.08647377786042"
"1073","14393","14668","16.6204313119196"
"1074","14393","14669","16.6204313119196"
"1075","14393","14670","16.6204313119196"
"1076","14554","14677","6.3249219798322"
"1077","14554","14678","6.3249219798322"
"1078","14554","14679","6.3249219798322"
"1079","14554","14680","6.3249219798322"
"1080","14178","14714","28.4743299079348"
"1081","14363","14724","20.0075982227362"
"1082","14363","14725","20.0075982227362"
"1083","14521","14738","11.031634570249"
"1084","14506","14759","13.1744401677065"
"1085","14288","14761","27.001564281636"
"1086","14288","14762","27.001564281636"
"1087","14288","14763","27.001564281636"
"1088","14470","14777","16.5404360213919"
"1089","14678","14784","5.31321824912425"
"1090","14571","14788","11.6144420079929"
"1091","14287","14805","29.4761762903845"
"1092","14287","14806","29.4761762903845"
"1093","14668","14811","7.32546513003024"
"1094","14213","14827","33.7063361439773"
"1095","14639","14828","8.62346767331701"
"1096","14575","14853","12.8709345590482"
"1097","14626","14857","10.6499807278906"
"1098","14626","14858","10.6499807278906"
"1099","14626","14859","10.6499807278906"
"1100","14289","14867","31.7537365395613"
"1101","14763","14876","4.98683474670054"
"1102","14345","14884","29.0444848516881"
"1103","14345","14885","29.0444848516881"
"1104","14640","14889","11.478487982408"
"1105","14298","14896","32.5641119094428"
"1106","14265","14908","34.2518382001145"
"1107","14677","14922","10.924900428678"
"1108","13714","14931","63.1588443449076"
"1109","13714","14932","63.1588443449076"
"1110","14859","14942","4.06711798296215"
"1111","14859","14943","4.06711798296215"
"1112","14828","14986","7.65841552496113"
"1113","14828","14987","7.65841552496113"
"1114","14827","14994","8.47934121696244"
"1115","14759","15019","12.717102690832"
"1116","14759","15020","12.717102690832"
"1117","14759","15021","12.717102690832"
"1118","14759","15022","12.717102690832"
"1119","14759","15023","12.717102690832"
"1120","12954","15024","109.249948377796"
"1121","14467","15064","29.5418420887206"
"1122","14331","15069","38.5841207878385"
"1123","14331","15070","38.5841207878385"
"1124","14876","15088","9.6086102129284"
"1125","14876","15089","9.6086102129284"
"1126","14876","15090","9.6086102129284"
"1127","14876","15091","9.6086102129284"
"1128","14876","15092","9.6086102129284"
"1129","15023","15093","2.58711469263449"
"1130","15023","15094","2.58711469263449"
"1131","14280","15096","41.9743867651013"
"1132","14514","15097","28.2794926047724"
"1133","14119","15098","49.3302314093713"
"1134","14119","15099","49.3302314093713"
"1135","14725","15104","18.0022505008285"
"1136","14408","15113","36.9395439235022"
"1137","14629","15115","22.7610229123871"
"1138","14387","15128","39.0299338625915"
"1139","14387","15129","39.0299338625915"
"1140","14655","15133","22.5182821628853"
"1141","14655","15134","22.5182821628853"
"1142","14655","15135","22.5182821628853"
"1143","14655","15136","22.5182821628853"
"1144","14655","15137","22.5182821628853"
"1145","14655","15138","22.5182821628853"
"1146","14655","15139","22.5182821628853"
"1147","14655","15140","22.5182821628853"
"1148","14655","15141","22.5182821628853"
"1149","14655","15142","22.5182821628853"
"1150","14360","15160","41.6949546440743"
"1151","15024","15161","6.38479005632632"
"1152","15024","15162","6.38479005632632"
"1153","14368","15170","41.2879903240575"
"1154","15096","15171","3.92071452997607"
"1155","15096","15172","3.92071452997607"
"1156","15104","15192","4.72523789855381"
"1157","14762","15215","20.9595161632342"
"1158","14762","15216","20.9595161632342"
"1159","14932","15219","13.7267123627897"
"1160","14932","15220","13.7267123627897"
"1161","15140","15226","3.88027797194241"
"1162","14388","15234","43.5883953137618"
"1163","14388","15235","43.5883953137618"
"1164","14388","15236","43.5883953137618"
"1165","15097","15248","7.5731820390082"
"1166","15097","15249","7.5731820390082"
"1167","14635","15254","29.2827914430546"
"1168","15069","15255","9.97130499400146"
"1169","15069","15256","9.97130499400146"
"1170","14714","15266","27.0864500268756"
"1171","14714","15267","27.0864500268756"
"1172","14867","15272","19.6381935593879"
"1173","14867","15273","19.6381935593879"
"1174","14857","15274","20.4821062310384"
"1175","14857","15275","20.4821062310384"
"1176","14627","15282","31.3454567505242"
"1177","15161","15283","5.99938802702297"
"1178","15161","15284","5.99938802702297"
"1179","15161","15285","5.99938802702297"
"1180","15070","15293","11.7868597828227"
"1181","14490","15297","40.3377575233436"
"1182","14490","15298","40.3377575233436"
"1183","14885","15319","21.0094819964887"
"1184","15138","15320","8.74051099966812"
"1185","15138","15321","8.74051099966812"
"1186","14670","15350","32.3070532581484"
"1187","14670","15351","32.3070532581484"
"1188","14670","15352","32.3070532581484"
"1189","14670","15353","32.3070532581484"
"1190","15192","15359","7.61182407879539"
"1191","15192","15360","7.61182407879539"
"1192","15192","15361","7.61182407879539"
"1193","15192","15362","7.61182407879539"
"1194","14922","15374","21.2797654662359"
"1195","15134","15376","10.4859646204162"
"1196","15134","15377","10.4859646204162"
"1197","14994","15384","17.1601245799743"
"1198","15248","15398","7.19995201207666"
"1199","15172","15399","10.9938496958941"
"1200","15172","15400","10.9938496958941"
"1201","14459","15401","46.9327305254474"
"1202","14459","15402","46.9327305254474"
"1203","14459","15403","46.9327305254474"
"1204","15283","15419","5.95107938233343"
"1205","14628","15439","38.0917176544673"
"1206","15266","15440","7.53563212015297"
"1207","15376","15471","5.86774225159922"
"1208","15376","15472","5.86774225159922"
"1209","15376","15473","5.86774225159922"
"1210","15376","15474","5.86774225159922"
"1211","15275","15484","9.65447714527488"
"1212","15275","15485","9.65447714527488"
"1213","15403","15512","6.18131092852991"
"1214","15089","15536","22.879554238596"
"1215","15439","15543","6.30460178736712"
"1216","15439","15544","6.30460178736712"
"1217","15439","15545","6.30460178736712"
"1218","15399","15558","8.50258806724582"
"1219","15374","15559","10.4391922069718"
"1220","15235","15572","16.8523185477524"
"1221","15235","15573","16.8523185477524"
"1222","15235","15574","16.8523185477524"
"1223","15235","15575","16.8523185477524"
"1224","15235","15576","16.8523185477524"
"1225","15137","15595","22.1738220319961"
"1226","15137","15596","22.1738220319961"
"1227","14505","15601","53.7294557730529"
"1228","14505","15602","53.7294557730529"
"1229","15320","15608","13.9839974482079"
"1230","15320","15609","13.9839974482079"
"1231","15377","15614","12.3630636747321"
"1232","15419","15620","10.0096161483019"
"1233","15285","15625","16.302370986263"
"1234","15285","15626","16.302370986263"
"1235","15285","15627","16.302370986263"
"1236","13985","15630","84.0841965777201"
"1237","13985","15631","84.0841965777201"
"1238","13985","15632","84.0841965777201"
"1239","13985","15633","84.0841965777201"
"1240","13985","15634","84.0841965777201"
"1241","15219","15636","20.4003847220699"
"1242","14507","15638","55.146761727673"
"1243","14507","15639","55.146761727673"
"1244","15402","15651","12.4225401880992"
"1245","15402","15652","12.4225401880992"
"1246","15402","15653","12.4225401880992"
"1247","15402","15654","12.4225401880992"
"1248","15398","15666","13.1434118014786"
"1249","15398","15667","13.1434118014786"
"1250","15398","15668","13.1434118014786"
"1251","14541","15672","54.8290425961518"
"1252","15297","15697","18.4543464854205"
"1253","15575","15706","5.9808211023618"
"1254","15601","15708","4.78203517538282"
"1255","15216","15712","23.8517484670808"
"1256","15220","15721","24.8414935425013"
"1257","15220","15722","24.8414935425013"
"1258","14738","15735","48.6787876624423"
"1259","14738","15736","48.6787876624423"
"1260","14738","15737","48.6787876624423"
"1261","14738","15738","48.6787876624423"
"1262","15595","15753","7.37959421193671"
"1263","15473","15754","13.2073711227482"
"1264","15543","15761","10.2060580042926"
"1265","15543","15762","10.2060580042926"
"1266","15543","15763","10.2060580042926"
"1267","15543","15764","10.2060580042926"
"1268","15162","15766","29.5974321379308"
"1269","15162","15767","29.5974321379308"
"1270","15255","15772","25.5339944921888"
"1271","15255","15773","25.5339944921888"
"1272","15667","15782","6.60954553417571"
"1273","15319","15805","24.5070284021963"
"1274","15596","15831","11.986292176064"
"1275","15351","15835","24.4784830208871"
"1276","15351","15836","24.4784830208871"
"1277","15141","15844","34.8016077012311"
"1278","15141","15845","34.8016077012311"
"1279","15141","15846","34.8016077012311"
"1280","15141","15847","34.8016077012311"
"1281","15141","15848","34.8016077012311"
"1282","15609","15850","12.4744994175285"
"1283","15602","15867","13.9046327506945"
"1284","15653","15870","11.8296696490027"
"1285","15653","15871","11.8296696490027"
"1286","15653","15872","11.8296696490027"
"1287","15576","15878","15.8374465248704"
"1288","15708","15879","9.90548130837919"
"1289","15129","15896","38.7504793225136"
"1290","15020","15900","43.909949901162"
"1291","15020","15901","43.909949901162"
"1292","15020","15902","43.909949901162"
"1293","15020","15903","43.909949901162"
"1294","15293","15905","31.0353666094521"
"1295","14356","15907","79.52867787511"
"1296","14356","15908","79.52867787511"
"1297","15574","15911","18.1948637435927"
"1298","15574","15912","18.1948637435927"
"1299","15064","15933","44.8978493804241"
"1300","15021","15942","46.2849308007584"
"1301","15706","15944","14.0573833148743"
"1302","15754","15962","13.1184772111011"
"1303","15754","15963","13.1184772111011"
"1304","15896","15966","4.25281381188574"
"1305","15896","15967","4.25281381188574"
"1306","15896","15968","4.25281381188574"
"1307","15384","15979","32.7294075189627"
"1308","15384","15980","32.7294075189627"
"1309","15160","15991","43.6609830198239"
"1310","15160","15992","43.6609830198239"
"1311","15160","15993","43.6609830198239"
"1312","15536","15998","25.2167342949061"
"1313","15626","16025","22.9422774719072"
"1314","15764","16027","16.1981061603539"
"1315","15846","16036","12.3008966160817"
"1316","14414","16038","84.9784269997547"
"1317","14414","16039","84.9784269997547"
"1318","14414","16040","84.9784269997547"
"1319","14414","16041","84.9784269997547"
"1320","15215","16046","44.6028813203225"
"1321","15638","16047","24.4271887383862"
"1322","15638","16048","24.4271887383862"
"1323","15474","16052","32.3291333048314"
"1324","15474","16053","32.3291333048314"
"1325","15474","16054","32.3291333048314"
"1326","15845","16061","13.9809452404766"
"1327","15737","16067","20.4795532486148"
"1328","15737","16068","20.4795532486148"
"1329","15737","16069","20.4795532486148"
"1330","15942","16070","8.80058175806926"
"1331","15942","16071","8.80058175806926"
"1332","14853","16082","64.0585351027053"
"1333","15631","16105","28.0012472726075"
"1334","15712","16129","26.0300857867026"
"1335","15712","16130","26.0300857867026"
"1336","15620","16140","30.3512339229179"
"1337","15668","16150","30.0165775868636"
"1338","15632","16151","31.9014776757996"
"1339","15870","16158","19.1875301847837"
"1340","15878","16163","19.0534278054154"
"1341","15878","16164","19.0534278054154"
"1342","15878","16165","19.0534278054154"
"1343","15967","16182","14.1798865567198"
"1344","15967","16183","14.1798865567198"
"1345","15912","16193","18.0158165079125"
"1346","15636","16213","35.2428748188171"
"1347","15968","16214","16.3693336079008"
"1348","15968","16215","16.3693336079008"
"1349","15968","16216","16.3693336079008"
"1350","16069","16219","9.45890467755498"
"1351","16150","16220","4.00461387540486"
"1352","15627","16222","36.1361050262967"
"1353","15627","16223","36.1361050262967"
"1354","15627","16224","36.1361050262967"
"1355","16068","16234","10.545818429273"
"1356","15782","16254","29.8217999610821"
"1357","14784","16273","80.0571868081058"
"1358","14784","16274","80.0571868081058"
"1359","15911","16277","24.452706705986"
"1360","15911","16278","24.452706705986"
"1361","16067","16286","14.3979307912358"
"1362","16129","16298","11.5592120243225"
"1363","16129","16299","11.5592120243225"
"1364","16039","16309","18.4509100398991"
"1365","16039","16310","18.4509100398991"
"1366","16039","16311","18.4509100398991"
"1367","16039","16312","18.4509100398991"
"1368","16082","16314","15.6976330040594"
"1369","16082","16315","15.6976330040594"
"1370","16071","16322","16.9844285811583"
"1371","15736","16355","40.4049764313552"
"1372","15736","16356","40.4049764313552"
"1373","16165","16359","13.6915726781189"
"1374","16165","16360","13.6915726781189"
"1375","16278","16361","6.17941594003867"
"1376","16213","16363","10.9646447806763"
"1377","16222","16365","10.7179842264017"
"1378","16222","16366","10.7179842264017"
"1379","15092","16367","73.2807178766723"
"1380","15092","16368","73.2807178766723"
"1381","15512","16369","51.9862194952429"
"1382","16047","16372","22.6819171686118"
"1383","16053","16373","22.5100521365325"
"1384","16053","16374","22.5100521365325"
"1385","16053","16375","22.5100521365325"
"1386","15944","16376","30.053932618226"
"1387","15944","16377","30.053932618226"
"1388","15944","16378","30.053932618226"
"1389","15944","16379","30.053932618226"
"1390","15844","16386","37.38906196426"
"1391","15360","16389","62.254667617599"
"1392","15360","16390","62.254667617599"
"1393","15360","16391","62.254667617599"
"1394","15879","16396","36.2512800803875"
"1395","15867","16397","37.2444869135362"
"1396","16299","16405","9.44653360436394"
"1397","16299","16406","9.44653360436394"
"1398","15998","16419","30.8164994633753"
"1399","15998","16420","30.8164994633753"
"1400","16040","16437","29.6359276318226"
"1401","16310","16439","11.3499972776546"
"1402","16355","16470","8.97612606420864"
"1403","16355","16471","8.97612606420864"
"1404","16355","16472","8.97612606420864"
"1405","15763","16477","48.3972674569442"
"1406","16419","16487","3.07483263565905"
"1407","15772","16495","48.1485489732626"
"1408","15772","16496","48.1485489732626"
"1409","16378","16505","8.88974472253153"
"1410","16378","16506","8.88974472253153"
"1411","16216","16527","22.6388722959117"
"1412","15850","16529","46.9878903896729"
"1413","16369","16539","12.2133547407262"
"1414","16360","16540","13.0536800790172"
"1415","16360","16541","13.0536800790172"
"1416","16360","16542","13.0536800790172"
"1417","16368","16548","13.0729318671979"
"1418","16368","16549","13.0729318671979"
"1419","16368","16550","13.0729318671979"
"1420","16368","16551","13.0729318671979"
"1421","14070","16559","138.048675718022"
"1422","14070","16560","138.048675718022"
"1423","14070","16561","138.048675718022"
"1424","14070","16562","138.048675718022"
"1425","16151","16570","28.7837509804347"
"1426","16151","16571","28.7837509804347"
"1427","16151","16572","28.7837509804347"
"1428","16391","16580","12.5015809883831"
"1429","16391","16581","12.5015809883831"
"1430","16487","16582","5.97501718932335"
"1431","16214","16593","26.1240465074256"
"1432","16366","16596","15.2825932557616"
"1433","16366","16597","15.2825932557616"
"1434","16366","16598","15.2825932557616"
"1435","16389","16607","14.4676591960734"
"1436","16389","16608","14.4676591960734"
"1437","16389","16609","14.4676591960734"
"1438","16406","16610","12.5149887683874"
"1439","16314","16613","20.8574419222821"
"1440","16314","16614","20.8574419222821"
"1441","16314","16615","20.8574419222821"
"1442","16314","16616","20.8574419222821"
"1443","15835","16620","52.637858335911"
"1444","16273","16631","23.9774425020789"
"1445","16273","16632","23.9774425020789"
"1446","16386","16648","16.4189389261788"
"1447","16386","16649","16.4189389261788"
"1448","16386","16650","16.4189389261788"
"1449","16386","16651","16.4189389261788"
"1450","16386","16652","16.4189389261788"
"1451","16386","16653","16.4189389261788"
"1452","16322","16666","22.7704189115934"
"1453","16377","16670","18.4911749734985"
"1454","16439","16671","12.7853527762064"
"1455","16372","16672","19.1579571172978"
"1456","16274","16674","26.6947261170719"
"1457","16274","16675","26.6947261170719"
"1458","16274","16676","26.6947261170719"
"1459","16274","16677","26.6947261170719"
"1460","16609","16685","3.76216431838316"
"1461","16390","16699","18.9426704607744"
"1462","16390","16700","18.9426704607744"
"1463","16527","16733","10.4721698257694"
"1464","16374","16737","21.5039440161842"
"1465","16374","16738","21.5039440161842"
"1466","16471","16743","15.0667156112015"
"1467","16140","16758","41.3621183242493"
"1468","16376","16759","23.5925143332404"
"1469","16551","16782","14.1083224094881"
"1470","16551","16783","14.1083224094881"
"1471","16551","16784","14.1083224094881"
"1472","16551","16785","14.1083224094881"
"1473","16551","16786","14.1083224094881"
"1474","16652","16789","9.02322850272344"
"1475","15980","16833","56.478541596651"
"1476","15980","16834","56.478541596651"
"1477","16541","16838","17.4876247866326"
"1478","16581","16842","15.8704725008598"
"1479","16610","16847","14.0435319801275"
"1480","16610","16848","14.0435319801275"
"1481","16610","16849","14.0435319801275"
"1482","16610","16850","14.0435319801275"
"1483","16610","16851","14.0435319801275"
"1484","16610","16852","14.0435319801275"
"1485","16610","16853","14.0435319801275"
"1486","16356","16855","31.369049888634"
"1487","16356","16856","31.369049888634"
"1488","16356","16857","31.369049888634"
"1489","16613","16871","16.04801420156"
"1490","16613","16872","16.04801420156"
"1491","16613","16873","16.04801420156"
"1492","16477","16874","24.2099945207331"
"1493","16477","16875","24.2099945207331"
"1494","16477","16876","24.2099945207331"
"1495","16593","16882","18.4857492805294"
"1496","16593","16883","18.4857492805294"
"1497","16580","16886","19.2088226495935"
"1498","16580","16887","19.2088226495935"
"1499","16580","16888","19.2088226495935"
"1500","16361","16890","34.1159934731977"
"1501","16361","16891","34.1159934731977"
"1502","16361","16892","34.1159934731977"
"1503","16670","16926","16.2932757757009"
"1504","16631","16929","18.5042731155424"
"1505","16631","16930","18.5042731155424"
"1506","16631","16931","18.5042731155424"
"1507","16631","16932","18.5042731155424"
"1508","16631","16933","18.5042731155424"
"1509","16857","16935","5.18605816348384"
"1510","16857","16936","5.18605816348384"
"1511","16857","16937","5.18605816348384"
"1512","16105","16941","54.6689113157883"
"1513","16105","16942","54.6689113157883"
"1514","16105","16943","54.6689113157883"
"1515","16105","16944","54.6689113157883"
"1516","15991","16958","61.7833913195813"
"1517","15991","16959","61.7833913195813"
"1518","16855","16963","5.61819758218712"
"1519","16855","16964","5.61819758218712"
"1520","16783","16974","10.1955655296676"
"1521","14348","16976","149.147631363367"
"1522","14348","16977","149.147631363367"
"1523","16620","16999","21.8426045144631"
"1524","16311","17002","43.1621707456598"
"1525","16549","17027","27.1588020264835"
"1526","16888","17045","9.0532970560464"
"1527","16853","17058","12.6248645624775"
"1528","16853","17059","12.6248645624775"
"1529","16941","17062","7.52709273083201"
"1530","16027","17068","67.4451521476718"
"1531","16608","17094","28.6838817494165"
"1532","16608","17095","28.6838817494165"
"1533","16677","17096","25.2462795055471"
"1534","16677","17097","25.2462795055471"
"1535","16648","17098","26.9213769408085"
"1536","16540","17099","32.8236541393409"
"1537","16540","17100","32.8236541393409"
"1538","16789","17115","19.0553705444785"
"1539","16789","17116","19.0553705444785"
"1540","16743","17117","23.0301431681897"
"1541","17059","17122","3.29453740417216"
"1542","16875","17124","14.1037117496251"
"1543","16959","17129","10.9333713902448"
"1544","16847","17140","17.1954872852968"
"1545","16847","17141","17.1954872852968"
"1546","16847","17142","17.1954872852968"
"1547","16847","17143","17.1954872852968"
"1548","17097","17144","2.6445134797475"
"1549","17097","17145","2.6445134797475"
"1550","17097","17146","2.6445134797475"
"1551","17097","17147","2.6445134797475"
"1552","17097","17148","2.6445134797475"
"1553","17058","17159","5.82348218433651"
"1554","17058","17160","5.82348218433651"
"1555","17002","17161","10.5758984138846"
"1556","17002","17162","10.5758984138846"
"1557","17002","17163","10.5758984138846"
"1558","17002","17164","10.5758984138846"
"1559","16615","17165","32.8492896781707"
"1560","16933","17166","13.9563413731693"
"1561","16936","17175","14.8317021225586"
"1562","16936","17176","14.8317021225586"
"1563","16365","17179","50.903993952936"
"1564","16215","17196","63.1628391471745"
"1565","16529","17197","40.138817098406"
"1566","16224","17200","63.7201899363295"
"1567","16890","17204","19.4115385347837"
"1568","16890","17205","19.4115385347837"
"1569","17162","17221","4.79173401011917"
"1570","16607","17227","37.9992941463936"
"1571","16607","17228","37.9992941463936"
"1572","17094","17234","10.0124128982686"
"1573","16935","17237","19.6713522583632"
"1574","16935","17238","19.6713522583632"
"1575","16935","17239","19.6713522583632"
"1576","17129","17246","8.60968403578124"
"1577","16926","17248","20.1984183747702"
"1578","17117","17263","10.212941119309"
"1579","17197","17276","5.18207092236537"
"1580","16759","17277","32.6763935998458"
"1581","17141","17295","9.80672418441725"
"1582","17160","17307","9.43135531766097"
"1583","16616","17329","43.7881266593262"
"1584","16616","17330","43.7881266593262"
"1585","17205","17337","7.89354999607212"
"1586","17277","17346","4.34810425353101"
"1587","17200","17354","9.07948064612981"
"1588","17200","17355","9.07948064612981"
"1589","17200","17356","9.07948064612981"
"1590","17200","17357","9.07948064612981"
"1591","17200","17358","9.07948064612981"
"1592","17027","17362","22.5998748938081"
"1593","16886","17406","33.0232199322593"
"1594","15115","17421","140.124255161998"
"1595","17143","17428","20.8405135601006"
"1596","17143","17429","20.8405135601006"
"1597","17143","17430","20.8405135601006"
"1598","17161","17444","20.0057524031353"
"1599","17161","17445","20.0057524031353"
"1600","17161","17446","20.0057524031353"
"1601","16597","17447","54.0771612788486"
"1602","16597","17448","54.0771612788486"
"1603","16597","17449","54.0771612788486"
"1604","16597","17450","54.0771612788486"
"1605","17239","17472","14.6493196629599"
"1606","17239","17473","14.6493196629599"
"1607","16676","17474","50.3956184365434"
"1608","16676","17475","50.3956184365434"
"1609","17179","17483","19.9614030874245"
"1610","17179","17484","19.9614030874245"
"1611","17227","17485","16.5067612959475"
"1612","16700","17486","50.0451892984267"
"1613","16784","17492","44.1412882676835"
"1614","17238","17500","16.5270810792557"
"1615","17238","17501","16.5270810792557"
"1616","17238","17502","16.5270810792557"
"1617","17446","17518","4.34324243442472"
"1618","17175","17531","23.1809728648888"
"1619","17502","17565","4.97773087416647"
"1620","17502","17566","4.97773087416647"
"1621","17502","17567","4.97773087416647"
"1622","17176","17569","26.4526597741465"
"1623","15900","17572","109.313093812343"
"1624","15900","17573","109.313093812343"
"1625","16932","17589","42.6459813799297"
"1626","16932","17590","42.6459813799297"
"1627","16932","17591","42.6459813799297"
"1628","16932","17592","42.6459813799297"
"1629","17263","17603","22.061858904868"
"1630","17263","17604","22.061858904868"
"1631","17263","17605","22.061858904868"
"1632","17263","17606","22.061858904868"
"1633","17263","17607","22.061858904868"
"1634","17450","17608","9.82946985955596"
"1635","17450","17609","9.82946985955596"
"1636","17450","17610","9.82946985955596"
"1637","16505","17671","72.825680558657"
"1638","16505","17672","72.825680558657"
"1639","17608","17678","4.04460184202242"
"1640","17608","17679","4.04460184202242"
"1641","17608","17680","4.04460184202242"
"1642","17606","17682","4.64663468227445"
"1643","17606","17683","4.64663468227445"
"1644","16974","17686","46.1448026066928"
"1645","16974","17687","46.1448026066928"
"1646","16974","17688","46.1448026066928"
"1647","16974","17689","46.1448026066928"
"1648","17148","17694","36.1516490436024"
"1649","17492","17702","14.2210405508687"
"1650","17447","17703","16.2096993073284"
"1651","17566","17704","8.6798371831311"
"1652","17115","17706","39.6670456532568"
"1653","16496","17707","76.895662521748"
"1654","17237","17711","30.8888284609224"
"1655","17237","17712","30.8888284609224"
"1656","17355","17714","24.6037191191224"
"1657","17355","17715","24.6037191191224"
"1658","17609","17722","8.27121526088206"
"1659","17609","17723","8.27121526088206"
"1660","17228","17731","33.6556489139258"
"1661","17228","17732","33.6556489139258"
"1662","17449","17735","18.8994700906779"
"1663","17572","17743","11.0362251879466"
"1664","17572","17744","11.0362251879466"
"1665","16999","17745","50.3726947325302"
"1666","16999","17746","50.3726947325302"
"1667","17122","17755","42.9418017368016"
"1668","17122","17756","42.9418017368016"
"1669","17122","17757","42.9418017368016"
"1670","17122","17758","42.9418017368016"
"1671","17122","17759","42.9418017368016"
"1672","17122","17760","42.9418017368016"
"1673","17122","17761","42.9418017368016"
"1674","17122","17762","42.9418017368016"
"1675","17122","17763","42.9418017368016"
"1676","17483","17764","18.569424619619"
"1677","17694","17775","6.8731521121673"
"1678","17592","17783","12.9284214214223"
"1679","17592","17784","12.9284214214223"
"1680","17610","17788","12.7331029631088"
"1681","16650","17800","74.9612175539278"
"1682","16930","17801","58.0116284064137"
"1683","16930","17802","58.0116284064137"
"1684","17683","17806","10.5935367012332"
"1685","17501","17824","23.0015621307434"
"1686","17501","17825","23.0015621307434"
"1687","17603","17826","16.6185953638925"
"1688","16963","17827","59.3027819967705"
"1689","16963","17828","59.3027819967705"
"1690","16963","17829","59.3027819967705"
"1691","16963","17830","59.3027819967705"
"1692","16963","17831","59.3027819967705"
"1693","17589","17849","18.2205454053745"
"1694","17589","17850","18.2205454053745"
"1695","17589","17851","18.2205454053745"
"1696","17589","17852","18.2205454053745"
"1697","17589","17853","18.2205454053745"
"1698","17760","17857","7.61317955614561"
"1699","17760","17858","7.61317955614561"
"1700","17760","17859","7.61317955614561"
"1701","17712","17860","10.6128122370023"
"1702","17165","17863","47.8717019249717"
"1703","17165","17864","47.8717019249717"
"1704","16738","17883","76.1992281828195"
"1705","17784","17900","9.01016670806405"
"1706","16046","17901","122.758582073093"
"1707","17362","17908","38.2539735603114"
"1708","17362","17909","38.2539735603114"
"1709","17863","17919","4.68284672521111"
"1710","17863","17920","4.68284672521111"
"1711","17474","17921","31.8877146362694"
"1712","17474","17922","31.8877146362694"
"1713","17474","17923","31.8877146362694"
"1714","17474","17924","31.8877146362694"
"1715","17474","17925","31.8877146362694"
"1716","17830","17926","6.75635075684863"
"1717","17732","17944","15.0861930289014"
"1718","17783","17949","12.1549288430058"
"1719","17860","17950","6.52673011539889"
"1720","17919","17955","2.41258455820935"
"1721","17163","17968","55.8112084110307"
"1722","17900","17978","5.26708591727913"
"1723","17920","17986","4.2851840217445"
"1724","16298","17987","111.782372471682"
"1725","17858","17996","9.71536270436161"
"1726","17858","17997","9.71536270436161"
"1727","17858","17998","9.71536270436161"
"1728","17909","18016","7.89346314157524"
"1729","16685","18025","89.4714711150906"
"1730","17883","18026","11.554294400907"
"1731","17883","18027","11.554294400907"
"1732","17852","18028","13.7144644773573"
"1733","17852","18029","13.7144644773573"
"1734","16653","18062","93.4064508978595"
"1735","17295","18071","54.677278309857"
"1736","16379","18072","111.410029232781"
"1737","16379","18073","111.410029232781"
"1738","17757","18075","23.6173604115088"
"1739","17996","18077","6.59251614591562"
"1740","17996","18078","6.59251614591562"
"1741","17045","18091","71.3424670146168"
"1742","17762","18104","25.5228707310187"
"1743","17762","18105","25.5228707310187"
"1744","17762","18106","25.5228707310187"
"1745","17607","18110","36.5586871372096"
"1746","17825","18124","21.358077247159"
"1747","17901","18129","16.3490735348482"
"1748","17901","18130","16.3490735348482"
"1749","18062","18132","5.30198061270767"
"1750","17923","18138","15.5312144154491"
"1751","17925","18152","16.921090604618"
"1752","17987","18155","13.545320390617"
"1753","17987","18156","13.545320390617"
"1754","17849","18187","24.3518822872222"
"1755","17849","18188","24.3518822872222"
"1756","18106","18189","6.11907737471574"
"1757","18106","18190","6.11907737471574"
"1758","17731","18211","34.3612655615716"
"1759","17731","18212","34.3612655615716"
"1760","17968","18232","19.3201967910172"
"1761","17922","18242","23.094312534075"
"1762","18138","18250","8.01139748806645"
"1763","18138","18251","8.01139748806645"
"1764","18028","18259","15.7687867679119"
"1765","18025","18272","17.3195407802052"
"1766","18025","18273","17.3195407802052"
"1767","18025","18274","17.3195407802052"
"1768","18025","18275","17.3195407802052"
"1769","18105","18276","12.1847113813355"
"1770","18105","18277","12.1847113813355"
"1771","18105","18278","12.1847113813355"
"1772","18105","18279","12.1847113813355"
"1773","16876","18288","95.6537480120114"
"1774","16876","18289","95.6537480120114"
"1775","17702","18313","46.0163214506924"
"1776","17702","18314","46.0163214506924"
"1777","18029","18320","21.4852473182125"
"1778","18029","18321","21.4852473182125"
"1779","17565","18325","55.4762725361786"
"1780","17565","18326","55.4762725361786"
"1781","17565","18327","55.4762725361786"
"1782","17565","18328","55.4762725361786"
"1783","17565","18329","55.4762725361786"
"1784","18277","18330","5.45967935820522"
"1785","18277","18331","5.45967935820522"
"1786","18277","18332","5.45967935820522"
"1787","17688","18338","49.5790527571771"
"1788","17688","18339","49.5790527571771"
"1789","18250","18340","7.45699070820683"
"1790","18278","18341","6.22713197665416"
"1791","18278","18342","6.22713197665416"
"1792","18278","18343","6.22713197665416"
"1793","17430","18360","66.2119752272039"
"1794","17430","18361","66.2119752272039"
"1795","18211","18382","13.6184844117445"
"1796","18211","18383","13.6184844117445"
"1797","18342","18388","3.48606285034134"
"1798","18342","18389","3.48606285034134"
"1799","18078","18405","25.0865121358961"
"1800","17850","18415","42.5282859357933"
"1801","18330","18419","7.08958946745634"
"1802","18110","18426","24.5539152632227"
"1803","18110","18427","24.5539152632227"
"1804","17531","18430","66.1807311913601"
"1805","16570","18439","126.574117814294"
"1806","18072","18444","28.6995993968399"
"1807","18072","18445","28.6995993968399"
"1808","18072","18446","28.6995993968399"
"1809","18188","18462","21.4374369259954"
"1810","18188","18463","21.4374369259954"
"1811","18188","18464","21.4374369259954"
"1812","17672","18465","59.8193006571643"
"1813","17672","18466","59.8193006571643"
"1814","17672","18467","59.8193006571643"
"1815","18325","18483","10.8850665792704"
"1816","18325","18484","10.8850665792704"
"1817","18325","18485","10.8850665792704"
"1818","18329","18487","11.5707160983914"
"1819","18332","18504","12.5463472350411"
"1820","17824","18505","50.0469953908868"
"1821","17824","18506","50.0469953908868"
"1822","18426","18516","6.06495046820828"
"1823","18187","18522","25.6089943324425"
"1824","17591","18546","70.5373579807978"
"1825","18155","18547","29.548661080036"
"1826","18155","18548","29.548661080036"
"1827","18155","18549","29.548661080036"
"1828","18504","18564","5.17697234119237"
"1829","18504","18565","5.17697234119237"
"1830","17429","18581","83.2841029008815"
"1831","18259","18589","26.2187748878584"
"1832","18276","18598","26.0338152330835"
"1833","18276","18599","26.0338152330835"
"1834","18382","18602","17.1921746862627"
"1835","18382","18603","17.1921746862627"
"1836","18212","18604","30.8540478369905"
"1837","16871","18619","121.651316306443"
"1838","16871","18620","121.651316306443"
"1839","16871","18621","121.651316306443"
"1840","18444","18630","13.4889079160312"
"1841","18444","18631","13.4889079160312"
"1842","18321","18634","23.196331568209"
"1843","18388","18649","18.7968822391063"
"1844","18388","18650","18.7968822391063"
"1845","18077","18696","46.2272568236608"
"1846","18077","18697","46.2272568236608"
"1847","18077","18698","46.2272568236608"
"1848","18463","18701","17.2315633224946"
"1849","17689","18702","76.1760930445871"
"1850","18603","18735","8.56408484875487"
"1851","17573","18739","84.5286918376244"
"1852","18446","18752","22.4802318078478"
"1853","18446","18753","22.4802318078478"
"1854","18631","18763","9.71495517565768"
"1855","17100","18768","119.408070139644"
"1856","18430","18769","24.6500827050731"
"1857","18467","18781","23.4646952207997"
"1858","18598","18790","13.8371366698721"
"1859","18273","18795","40.3208409995825"
"1860","17831","18800","72.8253283418555"
"1861","17831","18801","72.8253283418555"
"1862","18763","18802","4.2805003178928"
"1863","18522","18807","22.3400808360045"
"1864","18522","18808","22.3400808360045"
"1865","18522","18809","22.3400808360045"
"1866","18548","18816","19.9772169768937"
"1867","18548","18817","19.9772169768937"
"1868","18619","18821","15.7416779744249"
"1869","18619","18822","15.7416779744249"
"1870","18619","18823","15.7416779744249"
"1871","18602","18825","16.7127675473623"
"1872","18314","18854","40.7319880133657"
"1873","18462","18857","29.9095375151423"
"1874","18599","18869","20.3231982212774"
"1875","18340","18873","40.5283272013096"
"1876","18289","18874","45.6906692526011"
"1877","18620","18884","20.6234485208627"
"1878","18620","18885","20.6234485208627"
"1879","17826","18887","80.138055300685"
"1880","18026","18892","65.4373946649284"
"1881","18026","18893","65.4373946649284"
"1882","18026","18894","65.4373946649284"
"1883","18288","18896","47.8918968306909"
"1884","18288","18897","47.8918968306909"
"1885","18288","18898","47.8918968306909"
"1886","18288","18899","47.8918968306909"
"1887","18288","18900","47.8918968306909"
"1888","18288","18901","47.8918968306909"
"1889","18702","18908","17.4196698174524"
"1890","17950","18914","74.2824343540624"
"1891","17950","18915","74.2824343540624"
"1892","17950","18916","74.2824343540624"
"1893","17950","18917","74.2824343540624"
"1894","17950","18918","74.2824343540624"
"1895","18769","18925","13.9055478551145"
"1896","18769","18926","13.9055478551145"
"1897","18892","18931","3.752710416637"
"1898","18892","18932","3.752710416637"
"1899","18918","18933","1.69026919238081"
"1900","18918","18934","1.69026919238081"
"1901","18918","18935","1.69026919238081"
"1902","18801","18936","11.2252770749503"
"1903","18854","18940","7.64035964130676"
"1904","18313","18943","48.6927263607317"
"1905","18546","18951","32.1027126749655"
"1906","18546","18952","32.1027126749655"
"1907","18808","18972","13.4680983005378"
"1908","18885","18973","7.54323913842586"
"1909","18341","18975","49.4235721142454"
"1910","18925","18995","6.9746260265224"
"1911","18925","18996","6.9746260265224"
"1912","18925","18997","6.9746260265224"
"1913","18908","19000","8.72205198028223"
"1914","18439","19005","46.0268645178946"
"1915","18650","19016","31.5628813660344"
"1916","18650","19017","31.5628813660344"
"1917","18940","19025","7.60324909035012"
"1918","18973","19032","5.46858268268761"
"1919","17196","19038","136.488096906787"
"1920","17196","19039","136.488096906787"
"1921","18896","19044","12.4603143208892"
"1922","18931","19046","9.69414948884742"
"1923","18897","19056","13.2148696454908"
"1924","18897","19057","13.2148696454908"
"1925","18897","19058","13.2148696454908"
"1926","18897","19059","13.2148696454908"
"1927","18897","19060","13.2148696454908"
"1928","18897","19061","13.2148696454908"
"1929","18897","19062","13.2148696454908"
"1930","18383","19072","53.8039954305129"
"1931","18383","19073","53.8039954305129"
"1932","18383","19074","53.8039954305129"
"1933","18589","19083","38.828394667453"
"1934","18898","19100","15.829742049855"
"1935","19005","19106","6.03418750614628"
"1936","18914","19113","15.144374836364"
"1937","18914","19114","15.144374836364"
"1938","18915","19124","16.2471444959824"
"1939","18915","19125","16.2471444959824"
"1940","18915","19126","16.2471444959824"
"1941","18915","19127","16.2471444959824"
"1942","18916","19137","17.3911744328041"
"1943","18916","19138","17.3911744328041"
"1944","18916","19139","17.3911744328041"
"1945","19038","19140","7.04607630275109"
"1946","19038","19141","7.04607630275109"
"1947","19038","19142","7.04607630275109"
"1948","19038","19143","7.04607630275109"
"1949","19038","19144","7.04607630275109"
"1950","19038","19145","7.04607630275109"
"1951","19038","19146","7.04607630275109"
"1952","19038","19147","7.04607630275109"
"1953","18926","19154","18.2132327388538"
"1954","18926","19155","18.2132327388538"
"1955","19016","19170","11.0623418698867"
"1956","19032","19174","10.8355411926345"
"1957","19032","19175","10.8355411926345"
"1958","18934","19202","20.8200746714542"
"1959","18701","19205","41.0486957091446"
"1960","18701","19206","41.0486957091446"
"1961","18701","19207","41.0486957091446"
"1962","19100","19225","9.46822520719934"
"1963","19100","19226","9.46822520719934"
"1964","19100","19227","9.46822520719934"
"1965","19100","19228","9.46822520719934"
"1966","19100","19229","9.46822520719934"
"1967","18887","19230","26.1420861049369"
"1968","18887","19231","26.1420861049369"
"1969","19147","19241","6.80144205742045"
"1970","19147","19242","6.80144205742045"
"1971","19124","19266","10.5104095217187"
"1972","19140","19268","9.68842724120236"
"1973","18857","19273","33.3007855274136"
"1974","18506","19274","60.5285539878776"
"1975","19170","19275","7.50690814397171"
"1976","19170","19276","7.50690814397171"
"1977","19144","19279","10.5700862715153"
"1978","18900","19294","30.2887101368324"
"1979","18900","19295","30.2887101368324"
"1980","18900","19296","30.2887101368324"
"1981","18900","19297","30.2887101368324"
"1982","18900","19298","30.2887101368324"
"1983","18795","19300","39.331918792675"
"1984","19145","19301","11.7670064075403"
"1985","19155","19302","10.5455367809038"
"1986","19174","19304","8.70819501930282"
"1987","19174","19305","8.70819501930282"
"1988","19174","19306","8.70819501930282"
"1989","19072","19310","18.5191848286779"
"1990","19072","19311","18.5191848286779"
"1991","18152","19313","89.6512284207915"
"1992","18152","19314","89.6512284207915"
"1993","19061","19323","20.0311488498878"
"1994","19061","19324","20.0311488498878"
"1995","18996","19326","24.132596842077"
"1996","18996","19327","24.132596842077"
"1997","18996","19328","24.132596842077"
"1998","19125","19337","16.7427405054123"
"1999","18874","19338","36.8370364956386"
"2000","19294","19348","5.60169825740809"
"2001","19305","19389","8.47915575990828"
"2002","19305","19390","8.47915575990828"
"2003","19126","19398","22.8370635905683"
"2004","19126","19399","22.8370635905683"
"2005","18901","19400","40.7661596748096"
"2006","18901","19401","40.7661596748096"
"2007","19138","19415","23.5941687988129"
"2008","19276","19417","13.5005191598684"
"2009","19276","19418","13.5005191598684"
"2010","19276","19419","13.5005191598684"
"2011","19276","19420","13.5005191598684"
"2012","16852","19423","188.813594905407"
"2013","16852","19424","188.813594905407"
"2014","18951","19429","38.8470842140025"
"2015","18951","19430","38.8470842140025"
"2016","19389","19457","6.15162513331302"
"2017","19229","19466","20.9131714696994"
"2018","18894","19469","47.4971034539963"
"2019","19275","19479","18.1823504502545"
"2020","19275","19480","18.1823504502545"
"2021","19146","19483","28.8538813457192"
"2022","19338","19499","13.7768629972441"
"2023","19338","19500","13.7768629972441"
"2024","19338","19501","13.7768629972441"
"2025","19338","19502","13.7768629972441"
"2026","19338","19503","13.7768629972441"
"2027","19338","19504","13.7768629972441"
"2028","19417","19512","6.43639548078818"
"2029","18823","19513","55.75172366533"
"2030","19231","19527","24.7456524123018"
"2031","19231","19528","24.7456524123018"
"2032","19504","19545","2.81376122251049"
"2033","19469","19546","4.41181443096298"
"2034","19390","19559","12.8786155032474"
"2035","19390","19560","12.8786155032474"
"2036","19390","19561","12.8786155032474"
"2037","19390","19562","12.8786155032474"
"2038","19228","19568","27.8533685146144"
"2039","19228","19569","27.8533685146144"
"2040","19228","19570","27.8533685146144"
"2041","19483","19577","5.39099354086147"
"2042","19424","19579","10.5546249204954"
"2043","19057","19590","41.5207401329269"
"2044","19057","19591","41.5207401329269"
"2045","19502","19595","7.63421013755169"
"2046","19127","19603","38.3537670207552"
"2047","19127","19604","38.3537670207552"
"2048","19266","19626","29.5281932794392"
"2049","19266","19627","29.5281932794392"
"2050","19266","19628","29.5281932794392"
"2051","18816","19629","64.823970631229"
"2052","18816","19630","64.823970631229"
"2053","18279","19635","107.467265338107"
"2054","19419","19637","15.7770909134533"
"2055","19419","19638","15.7770909134533"
"2056","19419","19639","15.7770909134533"
"2057","19419","19640","15.7770909134533"
"2058","19545","19641","8.0530133620382"
"2059","19590","19662","5.80981870221467"
"2060","19570","19665","7.69028864146549"
"2061","19546","19667","10.0503392760904"
"2062","19420","19681","19.076285570239"
"2063","16373","19683","237.622041891701"
"2064","19314","19695","30.5032307853523"
"2065","19314","19696","30.5032307853523"
"2066","19314","19697","30.5032307853523"
"2067","19314","19698","30.5032307853523"
"2068","19314","19699","30.5032307853523"
"2069","19274","19712","34.3113164811271"
"2070","19513","19722","15.2888274009099"
"2071","19561","19723","12.2997244416488"
"2072","19561","19724","12.2997244416488"
"2073","19561","19725","12.2997244416488"
"2074","19106","19727","48.9925747121515"
"2075","18807","19734","73.0310173894895"
"2076","19569","19740","12.668176496981"
"2077","19569","19741","12.668176496981"
"2078","19698","19763","4.51522558558554"
"2079","19698","19764","4.51522558558554"
"2080","19698","19765","4.51522558558554"
"2081","19500","19774","19.5954133540242"
"2082","19499","19783","20.4984081187383"
"2083","19499","19784","20.4984081187383"
"2084","19418","19788","26.1384552573174"
"2085","19418","19789","26.1384552573174"
"2086","19418","19790","26.1384552573174"
"2087","19562","19792","17.2832274346938"
"2088","19241","19794","44.1249715603217"
"2089","19595","19814","17.4362048534258"
"2090","19734","19827","8.0765530255826"
"2091","19763","19833","6.80181433300208"
"2092","19763","19834","6.80181433300208"
"2093","19763","19835","6.80181433300208"
"2094","19763","19836","6.80181433300208"
"2095","19577","19838","21.0659728133878"
"2096","19727","19842","9.86992854374739"
"2097","19430","19847","31.7813300970811"
"2098","19430","19848","31.7813300970811"
"2099","19059","19855","62.5954306119454"
"2100","19640","19873","18.3178082307047"
"2101","19640","19874","18.3178082307047"
"2102","19662","19883","17.7461064191391"
"2103","19662","19884","17.7461064191391"
"2104","19662","19885","17.7461064191391"
"2105","19662","19886","17.7461064191391"
"2106","19662","19887","17.7461064191391"
"2107","19842","19897","3.94782049576497"
"2108","19842","19898","3.94782049576497"
"2109","19842","19899","3.94782049576497"
"2110","19326","19901","46.5759641389482"
"2111","19326","19902","46.5759641389482"
"2112","19326","19903","46.5759641389482"
"2113","19838","19904","5.54049803979092"
"2114","19503","19915","32.8290611713619"
"2115","19512","19918","31.9485804873302"
"2116","19512","19919","31.9485804873302"
"2117","19512","19920","31.9485804873302"
"2118","19855","19921","5.75291372181368"
"2119","19855","19922","5.75291372181368"
"2120","19665","19923","20.7366229651848"
"2121","19000","19938","73.8805896554313"
"2122","19083","19947","68.7500474577168"
"2123","19154","19958","64.0321012248203"
"2124","19765","19968","17.594938514711"
"2125","19765","19969","17.594938514711"
"2126","19919","20009","5.93808405869049"
"2127","19919","20010","5.93808405869049"
"2128","19790","20011","18.1975184712182"
"2129","19921","20015","6.05661323526328"
"2130","19921","20016","6.05661323526328"
"2131","19764","20029","20.4703940070026"
"2132","19764","20030","20.4703940070026"
"2133","19764","20031","20.4703940070026"
"2134","19695","20037","25.1130484597411"
"2135","19695","20038","25.1130484597411"
"2136","19695","20039","25.1130484597411"
"2137","19480","20060","41.7940997944984"
"2138","19883","20061","11.5764313667382"
"2139","19883","20062","11.5764313667382"
"2140","19774","20069","22.5065991289162"
"2141","19774","20070","22.5065991289162"
"2142","19774","20071","22.5065991289162"
"2143","19774","20072","22.5065991289162"
"2144","19143","20082","71.6479518668139"
"2145","19143","20083","71.6479518668139"
"2146","19143","20084","71.6479518668139"
"2147","19143","20085","71.6479518668139"
"2148","19885","20106","14.0028404062564"
"2149","19885","20107","14.0028404062564"
"2150","19885","20108","14.0028404062564"
"2151","19639","20111","33.6845005601704"
"2152","19725","20119","28.1970671010426"
"2153","19725","20120","28.1970671010426"
"2154","19725","20121","28.1970671010426"
"2155","19725","20122","28.1970671010426"
"2156","19947","20147","11.3230593895967"
"2157","19947","20148","11.3230593895967"
"2158","19923","20154","14.3356408140655"
"2159","19923","20155","14.3356408140655"
"2160","20029","20160","8.69320235309783"
"2161","20029","20161","8.69320235309783"
"2162","20070","20162","6.4426454597974"
"2163","20070","20163","6.4426454597974"
"2164","20070","20164","6.4426454597974"
"2165","20122","20166","4.02509027966835"
"2166","20122","20167","4.02509027966835"
"2167","20060","20168","7.60803821649074"
"2168","20106","20186","5.42602620741854"
"2169","19918","20192","16.5276597911268"
"2170","18809","20196","106.081937138655"
"2171","19297","20202","68.8355202033147"
"2172","19297","20203","68.8355202033147"
"2173","19297","20204","68.8355202033147"
"2174","19297","20205","68.8355202033147"
"2175","19847","20208","23.7572172486468"
"2176","19897","20227","20.8792266790724"
"2177","19637","20228","41.2493929698292"
"2178","19637","20229","41.2493929698292"
"2179","19848","20232","25.1685227099201"
"2180","19301","20245","70.2139858624187"
"2181","19301","20246","70.2139858624187"
"2182","20168","20247","4.15799143007621"
"2183","20111","20253","9.67753550074508"
"2184","20111","20254","9.67753550074508"
"2185","20111","20255","9.67753550074508"
"2186","20061","20264","13.1498047240457"
"2187","20061","20265","13.1498047240457"
"2188","20061","20266","13.1498047240457"
"2189","19915","20269","22.0361414704005"
"2190","19915","20270","22.0361414704005"
"2191","20192","20279","6.33702359434551"
"2192","19886","20286","26.4913693918759"
"2193","20062","20293","15.5839948593452"
"2194","20062","20294","15.5839948593452"
"2195","19479","20303","58.7661984431511"
"2196","19479","20304","58.7661984431511"
"2197","20083","20311","16.0218218978519"
"2198","20083","20312","16.0218218978519"
"2199","20161","20319","10.6796304769548"
"2200","20161","20320","10.6796304769548"
"2201","20266","20333","5.33472528673178"
"2202","20154","20334","12.4822956264802"
"2203","20227","20335","8.44798044840195"
"2204","20227","20336","8.44798044840195"
"2205","20227","20337","8.44798044840195"
"2206","20264","20343","6.05743689282508"
"2207","20264","20344","6.05743689282508"
"2208","20264","20345","6.05743689282508"
"2209","19528","20351","59.2981934797081"
"2210","19528","20352","59.2981934797081"
"2211","20072","20353","19.0698910971207"
"2212","20072","20354","19.0698910971207"
"2213","20255","20355","7.92979403201116"
"2214","20011","20373","24.485441403915"
"2215","20011","20374","24.485441403915"
"2216","20011","20375","24.485441403915"
"2217","20011","20376","24.485441403915"
"2218","19938","20378","28.8002923595186"
"2219","20205","20381","13.4592244145074"
"2220","20205","20382","13.4592244145074"
"2221","20205","20383","13.4592244145074"
"2222","20352","20384","3.32502965802246"
"2223","20202","20404","13.9825713279351"
"2224","20120","20407","20.2829763505611"
"2225","20120","20408","20.2829763505611"
"2226","19887","20411","35.7835878653029"
"2227","19887","20412","35.7835878653029"
"2228","19887","20413","35.7835878653029"
"2229","19887","20414","35.7835878653029"
"2230","19887","20415","35.7835878653029"
"2231","20312","20416","7.360314981785"
"2232","20312","20417","7.360314981785"
"2233","20312","20418","7.360314981785"
"2234","20312","20419","7.360314981785"
"2235","20312","20420","7.360314981785"
"2236","20312","20421","7.360314981785"
"2237","20312","20422","7.360314981785"
"2238","19603","20429","58.4956493909003"
"2239","19603","20430","58.4956493909003"
"2240","20304","20434","8.77027130991064"
"2241","20304","20435","8.77027130991064"
"2242","19874","20439","38.6058161494698"
"2243","20164","20440","18.7656114180345"
"2244","20164","20441","18.7656114180345"
"2245","20279","20442","11.529161880467"
"2246","20279","20443","11.529161880467"
"2247","19635","20452","57.7201650806533"
"2248","19635","20453","57.7201650806533"
"2249","19635","20454","57.7201650806533"
"2250","19635","20455","57.7201650806533"
"2251","20010","20458","29.3559039765519"
"2252","20010","20459","29.3559039765519"
"2253","20010","20460","29.3559039765519"
"2254","20374","20467","4.99204439707"
"2255","20374","20468","4.99204439707"
"2256","20374","20469","4.99204439707"
"2257","20107","20477","25.4179917007791"
"2258","20162","20481","20.8385049761871"
"2259","20382","20489","6.05815190052749"
"2260","20382","20490","6.05815190052749"
"2261","20232","20491","18.3320116303173"
"2262","20232","20492","18.3320116303173"
"2263","20232","20493","18.3320116303173"
"2264","20232","20494","18.3320116303173"
"2265","19884","20497","40.810916985344"
"2266","17763","20499","206.367066233031"
"2267","17763","20500","206.367066233031"
"2268","20245","20501","18.4526747971588"
"2269","20245","20502","18.4526747971588"
"2270","20245","20503","18.4526747971588"
"2271","20204","20548","23.2372238464623"
"2272","20294","20552","17.1302104156446"
"2273","20343","20554","13.5364389796398"
"2274","20497","20556","3.91031706467015"
"2275","20497","20557","3.91031706467015"
"2276","20497","20558","3.91031706467015"
"2277","19723","20559","58.3297170610001"
"2278","19723","20560","58.3297170610001"
"2279","19723","20561","58.3297170610001"
"2280","20469","20562","6.48547564598834"
"2281","20491","20598","6.02773448094331"
"2282","20458","20616","8.92046243185587"
"2283","20335","20630","17.5514860547569"
"2284","20335","20631","17.5514860547569"
"2285","20375","20632","14.495390714681"
"2286","20417","20634","12.1258189975897"
"2287","20208","20636","27.4288475961025"
"2288","20286","20637","21.9353946161295"
"2289","20286","20638","21.9353946161295"
"2290","20286","20639","21.9353946161295"
"2291","20286","20640","21.9353946161295"
"2292","20378","20641","14.8813741451268"
"2293","20378","20642","14.8813741451268"
"2294","20378","20643","14.8813741451268"
"2295","20355","20651","17.3221724928485"
"2296","20414","20665","15.4476647572394"
"2297","20414","20666","15.4476647572394"
"2298","20354","20674","21.1451140072006"
"2299","20354","20675","21.1451140072006"
"2300","19958","20677","46.278390012214"
"2301","19958","20678","46.278390012214"
"2302","20442","20679","15.1694921460189"
"2303","20442","20680","15.1694921460189"
"2304","20442","20681","15.1694921460189"
"2305","20422","20688","17.7699147324995"
"2306","20422","20689","17.7699147324995"
"2307","20334","20690","23.9083862837199"
"2308","20334","20691","23.9083862837199"
"2309","20334","20692","23.9083862837199"
"2310","20334","20693","23.9083862837199"
"2311","20557","20702","9.53913369306838"
"2312","20557","20703","9.53913369306838"
"2313","20666","20710","3.76963095663427"
"2314","20666","20711","3.76963095663427"
"2315","20666","20712","3.76963095663427"
"2316","20556","20728","10.9238051455377"
"2317","20556","20729","10.9238051455377"
"2318","20443","20737","18.7625250342137"
"2319","19712","20742","71.3144692651781"
"2320","19712","20743","71.3144692651781"
"2321","20441","20745","19.4884557219318"
"2322","20418","20747","21.2299573597384"
"2323","20494","20755","17.400786426294"
"2324","20270","20767","34.7406076845393"
"2325","20270","20768","34.7406076845393"
"2326","20270","20769","34.7406076845393"
"2327","20637","20770","11.5606121863025"
"2328","19300","20774","107.969427907366"
"2329","20228","20775","38.7885638488347"
"2330","20228","20776","38.7885638488347"
"2331","20737","20779","4.73143913075319"
"2332","20373","20780","27.550289362332"
"2333","20373","20781","27.550289362332"
"2334","20552","20798","17.6809226763073"
"2335","20678","20799","9.3988536647621"
"2336","20678","20800","9.3988536647621"
"2337","20031","20803","52.5490295743427"
"2338","20031","20804","52.5490295743427"
"2339","20729","20805","6.92820452874957"
"2340","20729","20806","6.92820452874957"
"2341","20729","20807","6.92820452874957"
"2342","20729","20808","6.92820452874957"
"2343","20729","20809","6.92820452874957"
"2344","20729","20810","6.92820452874957"
"2345","20561","20812","18.0174702064448"
"2346","20430","20816","26.8185264759099"
"2347","20319","20821","34.2323669877176"
"2348","20319","20822","34.2323669877176"
"2349","20643","20832","14.8250052995668"
"2350","20643","20833","14.8250052995668"
"2351","20643","20834","14.8250052995668"
"2352","18869","20847","146.036300105407"
"2353","18869","20848","146.036300105407"
"2354","20639","20849","16.5424745795301"
"2355","20411","20852","29.291243055726"
"2356","20743","20855","8.76822459338223"
"2357","20665","20873","15.9019799045841"
"2358","20501","20876","26.128631238583"
"2359","19902","20880","66.0494429392124"
"2360","20803","20889","5.80109097597392"
"2361","20803","20890","5.80109097597392"
"2362","20803","20891","5.80109097597392"
"2363","20803","20892","5.80109097597392"
"2364","20803","20893","5.80109097597392"
"2365","20803","20894","5.80109097597392"
"2366","20803","20895","5.80109097597392"
"2367","20803","20896","5.80109097597392"
"2368","20803","20897","5.80109097597392"
"2369","20768","20900","8.40924185833319"
"2370","20768","20901","8.40924185833319"
"2371","20768","20902","8.40924185833319"
"2372","20493","20904","27.7221544190807"
"2373","20493","20905","27.7221544190807"
"2374","20808","20913","6.33283055465085"
"2375","20548","20914","25.1369235737161"
"2376","20640","20943","22.5329111901551"
"2377","20640","20944","22.5329111901551"
"2378","20821","20948","7.63414965964193"
"2379","20690","20952","17.1298180029069"
"2380","20690","20953","17.1298180029069"
"2381","20559","20964","27.1584380429656"
"2382","20499","20975","32.0879182039789"
"2383","20499","20976","32.0879182039789"
"2384","20499","20977","32.0879182039789"
"2385","20822","20978","9.95546675181049"
"2386","20632","20980","25.8587256360049"
"2387","20616","20987","27.0689267674281"
"2388","20816","20988","11.1940223211836"
"2389","20384","20991","40.4081121926522"
"2390","20384","20992","40.4081121926522"
"2391","20166","20996","56.2436204635087"
"2392","20728","21000","19.6950585922839"
"2393","20852","21004","10.8074872694265"
"2394","20904","21024","8.42770622675039"
"2395","20481","21032","38.0634525244461"
"2396","20481","21033","38.0634525244461"
"2397","20481","21034","38.0634525244461"
"2398","20900","21035","9.85211654614795"
"2399","20900","21036","9.85211654614795"
"2400","20913","21037","9.25678278343457"
"2401","20913","21038","9.25678278343457"
"2402","20015","21039","68.9899095151279"
"2403","20082","21047","66.0691070577211"
"2404","20809","21048","16.128732675151"
"2405","20809","21049","16.128732675151"
"2406","20809","21050","16.128732675151"
"2407","20016","21062","69.6326824645107"
"2408","20988","21063","4.57283979511249"
"2409","20952","21072","8.55756828842368"
"2410","20952","21073","8.55756828842368"
"2411","20952","21074","8.55756828842368"
"2412","20952","21075","8.55756828842368"
"2413","20952","21076","8.55756828842368"
"2414","20897","21080","11.6358158674202"
"2415","20894","21090","12.1888124654574"
"2416","20894","21091","12.1888124654574"
"2417","20894","21092","12.1888124654574"
"2418","20980","21097","6.60906257824831"
"2419","20779","21100","19.6380418867943"
"2420","20779","21101","19.6380418867943"
"2421","20779","21102","19.6380418867943"
"2422","20779","21103","19.6380418867943"
"2423","20779","21104","19.6380418867943"
"2424","20779","21105","19.6380418867943"
"2425","20779","21106","19.6380418867943"
"2426","20873","21116","14.1914704321655"
"2427","20873","21117","14.1914704321655"
"2428","20345","21118","50.6676626056005"
"2429","20345","21119","50.6676626056005"
"2430","20345","21120","50.6676626056005"
"2431","20345","21121","50.6676626056005"
"2432","20638","21122","33.1725663609327"
"2433","20948","21130","10.8316061241396"
"2434","20674","21136","29.8105447409555"
"2435","20712","21142","27.3074351367623"
"2436","20780","21143","21.2389738674358"
"2437","20780","21144","21.2389738674358"
"2438","20780","21145","21.2389738674358"
"2439","20780","21146","21.2389738674358"
"2440","20780","21147","21.2389738674358"
"2441","20780","21148","21.2389738674358"
"2442","20847","21152","18.3153835318019"
"2443","21091","21158","3.46564199375598"
"2444","21101","21159","3.23646172690724"
"2445","20253","21162","60.6788297591554"
"2446","20554","21166","40.4921120488923"
"2447","21063","21172","6.11360160406502"
"2448","21047","21176","7.19679844112488"
"2449","21004","21185","10.8142098985854"
"2450","20892","21187","18.905831397738"
"2451","20812","21197","24.5701336218021"
"2452","20812","21198","24.5701336218021"
"2453","20769","21199","28.1227124375496"
"2454","20769","21200","28.1227124375496"
"2455","20769","21201","28.1227124375496"
"2456","20769","21202","28.1227124375496"
"2457","21080","21206","8.39285317940107"
"2458","21080","21207","8.39285317940107"
"2459","21080","21208","8.39285317940107"
"2460","21080","21209","8.39285317940107"
"2461","20805","21218","26.5573544060351"
"2462","20880","21219","21.3191380058606"
"2463","20880","21220","21.3191380058606"
"2464","20880","21221","21.3191380058606"
"2465","20880","21222","21.3191380058606"
"2466","20634","21224","41.2351838519028"
"2467","20807","21226","27.2628980853317"
"2468","20807","21227","27.2628980853317"
"2469","20807","21228","27.2628980853317"
"2470","20807","21229","27.2628980853317"
"2471","20807","21230","27.2628980853317"
"2472","20807","21231","27.2628980853317"
"2473","20807","21232","27.2628980853317"
"2474","21075","21233","10.2026132170108"
"2475","21075","21234","10.2026132170108"
"2476","21075","21235","10.2026132170108"
"2477","21075","21236","10.2026132170108"
"2478","20914","21242","21.0555191372566"
"2479","20914","21243","21.0555191372566"
"2480","20914","21244","21.0555191372566"
"2481","20914","21245","21.0555191372566"
"2482","20914","21246","21.0555191372566"
"2483","21024","21247","13.5913282639995"
"2484","21200","21251","2.80558491614556"
"2485","21200","21252","2.80558491614556"
"2486","21200","21253","2.80558491614556"
"2487","21200","21254","2.80558491614556"
"2488","21200","21255","2.80558491614556"
"2489","21200","21256","2.80558491614556"
"2490","20806","21257","28.4762768121277"
"2491","20806","21258","28.4762768121277"
"2492","20806","21259","28.4762768121277"
"2493","20978","21260","17.8551177357533"
"2494","20978","21261","17.8551177357533"
"2495","21106","21278","11.2387086381793"
"2496","20977","21280","18.7381114320513"
"2497","20977","21281","18.7381114320513"
"2498","21208","21285","4.74100744795965"
"2499","21208","21286","4.74100744795965"
"2500","21208","21287","4.74100744795965"
"2501","21208","21288","4.74100744795965"
"2502","21208","21289","4.74100744795965"
"2503","20071","21297","81.1331452113009"
"2504","20071","21298","81.1331452113009"
"2505","20071","21299","81.1331452113009"
"2506","20071","21300","81.1331452113009"
"2507","20071","21301","81.1331452113009"
"2508","21166","21302","8.63497926836703"
"2509","20454","21304","55.9743878425365"
"2510","20454","21305","55.9743878425365"
"2511","21033","21330","17.9345494638897"
"2512","20439","21333","58.4463359566475"
"2513","21227","21334","6.22464298944169"
"2514","21227","21335","6.22464298944169"
"2515","21227","21336","6.22464298944169"
"2516","21226","21341","6.68910609018144"
"2517","21226","21342","6.68910609018144"
"2518","21226","21343","6.68910609018144"
"2519","21100","21354","16.7334762295666"
"2520","21222","21362","9.00294704191265"
"2521","21172","21368","13.9179462128909"
"2522","21172","21369","13.9179462128909"
"2523","20203","21379","78.4425937983008"
"2524","21301","21385","6.07833923958697"
"2525","21301","21386","6.07833923958697"
"2526","21257","21390","8.40705726722626"
"2527","21073","21394","20.2124662410179"
"2528","21278","21404","9.38060724607544"
"2529","21278","21405","9.38060724607544"
"2530","21219","21407","12.240336681454"
"2531","21219","21408","12.240336681454"
"2532","21197","21421","14.6981136920122"
"2533","21197","21422","14.6981136920122"
"2534","20943","21426","31.6666527922655"
"2535","20943","21427","31.6666527922655"
"2536","21261","21430","12.0243032218011"
"2537","21280","21442","12.0790228301455"
"2538","21231","21446","14.6129705432304"
"2539","20876","21458","37.6391198155"
"2540","20468","21460","66.7777454321774"
"2541","20468","21461","66.7777454321774"
"2542","20747","21470","48.4324927172297"
"2543","20747","21471","48.4324927172297"
"2544","20747","21472","48.4324927172297"
"2545","21234","21483","16.117438543024"
"2546","21234","21484","16.117438543024"
"2547","21234","21485","16.117438543024"
"2548","21228","21491","16.2855773179278"
"2549","21228","21492","16.2855773179278"
"2550","21146","21496","24.1561478016922"
"2551","21146","21497","24.1561478016922"
"2552","21369","21499","7.55022843834286"
"2553","21299","21502","13.3823265588203"
"2554","21299","21503","13.3823265588203"
"2555","21299","21504","13.3823265588203"
"2556","21299","21505","13.3823265588203"
"2557","21299","21506","13.3823265588203"
"2558","21254","21512","16.782410131397"
"2559","21254","21513","16.782410131397"
"2560","20429","21521","71.5950675759673"
"2561","20893","21522","39.9485440364076"
"2562","20434","21523","71.2044513674807"
"2563","20434","21524","71.2044513674807"
"2564","20434","21525","71.2044513674807"
"2565","20434","21526","71.2044513674807"
"2566","21147","21560","27.8261237206505"
"2567","21034","21561","32.6033205748065"
"2568","21394","21575","12.0993403498585"
"2569","21394","21576","12.0993403498585"
"2570","21343","21584","15.9621116007208"
"2571","21258","21586","21.597239398516"
"2572","21258","21587","21.597239398516"
"2573","21201","21592","26.628851419598"
"2574","21201","21593","26.628851419598"
"2575","21201","21594","26.628851419598"
"2576","21201","21595","26.628851419598"
"2577","21201","21596","26.628851419598"
"2578","21405","21600","13.5315033938928"
"2579","21470","21606","9.36698421759183"
"2580","21470","21607","9.36698421759183"
"2581","21430","21614","11.9806356690322"
"2582","21230","21616","25.4321067372543"
"2583","21502","21618","8.61454183775345"
"2584","21502","21619","8.61454183775345"
"2585","21502","21620","8.61454183775345"
"2586","21142","21625","33.214768100253"
"2587","21224","21630","26.4765381227987"
"2588","21105","21639","35.9369293369357"
"2589","21105","21640","35.9369293369357"
"2590","21105","21641","35.9369293369357"
"2591","20800","21647","55.0064650444585"
"2592","20800","21648","55.0064650444585"
"2593","20800","21649","55.0064650444585"
"2594","21386","21652","18.1464367678107"
"2595","21386","21653","18.1464367678107"
"2596","21246","21662","27.7133817912018"
"2597","21246","21663","27.7133817912018"
"2598","21246","21664","27.7133817912018"
"2599","20901","21666","49.9015319622918"
"2600","20901","21667","49.9015319622918"
"2601","20901","21668","49.9015319622918"
"2602","20901","21669","49.9015319622918"
"2603","21422","21670","15.9632604966755"
"2604","21422","21671","15.9632604966755"
"2605","21130","21673","36.6665880842022"
"2606","21385","21676","19.1763798910856"
"2607","21385","21677","19.1763798910856"
"2608","21596","21687","4.75169902371977"
"2609","21575","21689","7.61901633731532"
"2610","21575","21690","7.61901633731532"
"2611","21560","21699","10.9142212619024"
"2612","21560","21700","10.9142212619024"
"2613","21390","21715","22.3070197001189"
"2614","21390","21716","22.3070197001189"
"2615","21390","21717","22.3070197001189"
"2616","21390","21718","22.3070197001189"
"2617","21038","21723","44.1059871019838"
"2618","21038","21724","44.1059871019838"
"2619","21038","21725","44.1059871019838"
"2620","21038","21726","44.1059871019838"
"2621","21525","21727","14.2568013872672"
"2622","21525","21728","14.2568013872672"
"2623","21525","21729","14.2568013872672"
"2624","21525","21730","14.2568013872672"
"2625","21525","21731","14.2568013872672"
"2626","21143","21735","40.7850943453759"
"2627","21143","21736","40.7850943453759"
"2628","21143","21737","40.7850943453759"
"2629","21143","21738","40.7850943453759"
"2630","21143","21739","40.7850943453759"
"2631","21407","21743","22.6236977414035"
"2632","21640","21756","7.56817688522506"
"2633","21640","21757","7.56817688522506"
"2634","21640","21758","7.56817688522506"
"2635","21640","21759","7.56817688522506"
"2636","21297","21767","31.1555310750041"
"2637","21594","21768","10.1509757765377"
"2638","21594","21769","10.1509757765377"
"2639","21594","21770","10.1509757765377"
"2640","21594","21771","10.1509757765377"
"2641","21243","21773","34.5600235233655"
"2642","21243","21774","34.5600235233655"
"2643","21663","21781","7.31285626511863"
"2644","21648","21783","8.38872509710427"
"2645","21648","21784","8.38872509710427"
"2646","21648","21785","8.38872509710427"
"2647","21664","21792","8.32843925344105"
"2648","21664","21793","8.32843925344105"
"2649","21718","21795","4.63771342250743"
"2650","21718","21796","4.63771342250743"
"2651","21718","21797","4.63771342250743"
"2652","21647","21801","9.68015599703403"
"2653","20693","21807","73.101275040779"
"2654","21220","21811","38.1950336941186"
"2655","21220","21812","38.1950336941186"
"2656","21244","21814","37.2286939403421"
"2657","19466","21816","159.803772922688"
"2658","21774","21817","2.92796449818638"
"2659","21729","21818","5.50922041299873"
"2660","21729","21819","5.50922041299873"
"2661","21729","21820","5.50922041299873"
"2662","21521","21827","20.2420602453064"
"2663","21281","21829","36.5998729904527"
"2664","21616","21831","13.7427379987535"
"2665","21616","21832","13.7427379987535"
"2666","21616","21833","13.7427379987535"
"2667","21796","21834","2.73887282750889"
"2668","21796","21835","2.73887282750889"
"2669","21796","21836","2.73887282750889"
"2670","21483","21840","23.2429921031853"
"2671","21483","21841","23.2429921031853"
"2672","21483","21842","23.2429921031853"
"2673","20440","21844","91.9232238221059"
"2674","20440","21845","91.9232238221059"
"2675","20440","21846","91.9232238221059"
"2676","20440","21847","91.9232238221059"
"2677","21649","21850","13.1602760676822"
"2678","21587","21851","17.5389768259129"
"2679","20229","21860","108.780145820625"
"2680","21797","21863","4.46468286033428"
"2681","21797","21864","4.46468286033428"
"2682","21797","21865","4.46468286033428"
"2683","21797","21866","4.46468286033428"
"2684","21797","21867","4.46468286033428"
"2685","20407","21876","96.3942919699746"
"2686","20407","21877","96.3942919699746"
"2687","21334","21884","35.8919329955161"
"2688","21727","21885","9.67538180951124"
"2689","21727","21886","9.67538180951124"
"2690","21727","21887","9.67538180951124"
"2691","21727","21888","9.67538180951124"
"2692","21727","21889","9.67538180951124"
"2693","21727","21890","9.67538180951124"
"2694","21561","21904","22.9042822922922"
"2695","21600","21906","18.525446788035"
"2696","21889","21907","1.52383616854377"
"2697","21889","21908","1.52383616854377"
"2698","21889","21909","1.52383616854377"
"2699","21298","21922","40.7849408652421"
"2700","20641","21923","85.3932106254074"
"2701","21836","21924","5.39638699796001"
"2702","20408","21927","99.6186362626265"
"2703","20408","21928","99.6186362626265"
"2704","20953","21930","63.8094567653814"
"2705","21513","21932","27.638327262549"
"2706","21513","21933","27.638327262549"
"2707","21513","21934","27.638327262549"
"2708","21630","21936","19.5261408401666"
"2709","21767","21938","10.9985417222601"
"2710","21614","21940","20.8005010939924"
"2711","20896","21941","68.1179853593862"
"2712","21690","21947","16.8533962299532"
"2713","21595","21948","22.109976610225"
"2714","21427","21954","34.3245775639245"
"2715","21867","21955","6.18990084263351"
"2716","21867","21956","6.18990084263351"
"2717","21867","21957","6.18990084263351"
"2718","21792","21961","10.8156619118197"
"2719","21792","21962","10.8156619118197"
"2720","21739","21975","14.7414324412598"
"2721","21739","21976","14.7414324412598"
"2722","21833","21977","8.90215997574342"
"2723","21833","21978","8.90215997574342"
"2724","21833","21979","8.90215997574342"
"2725","21773","21980","13.1215991574684"
"2726","21773","21981","13.1215991574684"
"2727","21618","21992","23.4625120885942"
"2728","21618","21993","23.4625120885942"
"2729","21618","21994","23.4625120885942"
"2730","21618","21995","23.4625120885942"
"2731","21000","22000","63.5876921514198"
"2732","21000","22001","63.5876921514198"
"2733","21000","22002","63.5876921514198"
"2734","21687","22041","22.5359054360165"
"2735","21844","22046","12.886867928813"
"2736","21844","22047","12.886867928813"
"2737","21844","22048","12.886867928813"
"2738","21606","22051","27.8441118470462"
"2739","21756","22054","18.8714676289771"
"2740","21756","22055","18.8714676289771"
"2741","21756","22056","18.8714676289771"
"2742","21756","22057","18.8714676289771"
"2743","21941","22061","7.10006504678813"
"2744","21408","22066","42.0262421451555"
"2745","21408","22067","42.0262421451555"
"2746","21834","22108","16.9927652323051"
"2747","21834","22109","16.9927652323051"
"2748","21885","22114","14.2560159114935"
"2749","21885","22115","14.2560159114935"
"2750","21817","22119","18.6915085786566"
"2751","21817","22120","18.6915085786566"
"2752","21817","22121","18.6915085786566"
"2753","21817","22122","18.6915085786566"
"2754","21817","22123","18.6915085786566"
"2755","21817","22124","18.6915085786566"
"2756","21865","22132","15.9102151249785"
"2757","20944","22146","76.4679432260182"
"2758","20944","22147","76.4679432260182"
"2759","20944","22148","76.4679432260182"
"2760","22067","22151","4.61378196374835"
"2761","22067","22152","4.61378196374835"
"2762","22067","22153","4.61378196374835"
"2763","21976","22154","10.4539081583059"
"2764","21976","22155","10.4539081583059"
"2765","21976","22156","10.4539081583059"
"2766","21976","22157","10.4539081583059"
"2767","21940","22162","12.567939002259"
"2768","21940","22163","12.567939002259"
"2769","21940","22164","12.567939002259"
"2770","21677","22165","30.1144950061355"
"2771","22066","22171","5.46646131088073"
"2772","22066","22172","5.46646131088073"
"2773","21847","22174","19.763275563201"
"2774","21847","22175","19.763275563201"
"2775","21035","22178","71.8677210519486"
"2776","21304","22189","56.4615761171842"
"2777","21784","22194","25.126997459314"
"2778","21784","22195","25.126997459314"
"2779","21784","22196","25.126997459314"
"2780","21784","22197","25.126997459314"
"2781","21784","22198","25.126997459314"
"2782","21784","22199","25.126997459314"
"2783","21784","22200","25.126997459314"
"2784","21784","22201","25.126997459314"
"2785","21526","22202","42.5179756592577"
"2786","21526","22203","42.5179756592577"
"2787","21619","22206","35.3953354434561"
"2788","21202","22207","62.8994811835043"
"2789","21981","22212","12.8738377889765"
"2790","21670","22213","32.7608598426229"
"2791","21726","22224","29.3206489751526"
"2792","21336","22239","56.5012081688992"
"2793","21336","22240","56.5012081688992"
"2794","21336","22241","56.5012081688992"
"2795","21336","22242","56.5012081688992"
"2796","21846","22244","23.513709646166"
"2797","21909","22247","19.6372775986306"
"2798","22155","22248","5.1462562267152"
"2799","22163","22257","6.12423456635156"
"2800","22163","22258","6.12423456635156"
"2801","22163","22259","6.12423456635156"
"2802","22114","22266","8.48828418062908"
"2803","22114","22267","8.48828418062908"
"2804","22114","22268","8.48828418062908"
"2805","22114","22269","8.48828418062908"
"2806","21954","22270","18.0379455539639"
"2807","21954","22271","18.0379455539639"
"2808","21954","22272","18.0379455539639"
"2809","21954","22273","18.0379455539639"
"2810","21954","22274","18.0379455539639"
"2811","21954","22275","18.0379455539639"
"2812","21954","22276","18.0379455539639"
"2813","21977","22289","17.7941119860548"
"2814","21977","22290","17.7941119860548"
"2815","21977","22291","17.7941119860548"
"2816","21977","22292","17.7941119860548"
"2817","21977","22293","17.7941119860548"
"2818","21977","22294","17.7941119860548"
"2819","21835","22299","26.8001051160466"
"2820","21835","22300","26.8001051160466"
"2821","21835","22301","26.8001051160466"
"2822","21576","22303","43.9663543390734"
"2823","21576","22304","43.9663543390734"
"2824","21700","22306","35.1600406492139"
"2825","21700","22307","35.1600406492139"
"2826","21404","22323","56.4448933589463"
"2827","22224","22327","6.25070215836058"
"2828","22224","22328","6.25070215836058"
"2829","22224","22329","6.25070215836058"
"2830","21333","22330","62.0078392586693"
"2831","21333","22331","62.0078392586693"
"2832","21333","22332","62.0078392586693"
"2833","21994","22336","19.5642068297054"
"2834","21994","22337","19.5642068297054"
"2835","21593","22339","44.0983363084058"
"2836","21379","22341","59.4155832251374"
"2837","21458","22351","54.0163023722889"
"2838","22195","22355","9.21107041722371"
"2839","22152","22358","12.152599093143"
"2840","22152","22359","12.152599093143"
"2841","21978","22362","23.126183856911"
"2842","21978","22363","23.126183856911"
"2843","21978","22364","23.126183856911"
"2844","21759","22365","37.0390977852051"
"2845","21759","22366","37.0390977852051"
"2846","21759","22367","37.0390977852051"
"2847","21886","22383","29.7932027228057"
"2848","21928","22387","27.5466579856395"
"2849","21725","22406","40.9800527916841"
"2850","22351","22407","4.09521715083679"
"2851","22351","22408","4.09521715083679"
"2852","22351","22409","4.09521715083679"
"2853","21840","22410","34.7530912134821"
"2854","21662","22416","46.2410576132124"
"2855","21662","22417","46.2410576132124"
"2856","21662","22418","46.2410576132124"
"2857","21662","22419","46.2410576132124"
"2858","21662","22420","46.2410576132124"
"2859","22120","22421","17.8169552343049"
"2860","22120","22422","17.8169552343049"
"2861","22120","22423","17.8169552343049"
"2862","22146","22431","17.3899069204622"
"2863","22331","22432","6.9580839834889"
"2864","22331","22433","6.9580839834889"
"2865","22331","22434","6.9580839834889"
"2866","22331","22435","6.9580839834889"
"2867","22331","22436","6.9580839834889"
"2868","22331","22437","6.9580839834889"
"2869","22203","22441","14.7565073398298"
"2870","22200","22445","15.1038019509306"
"2871","21957","22447","28.8628088009148"
"2872","21957","22448","28.8628088009148"
"2873","21957","22449","28.8628088009148"
"2874","21957","22450","28.8628088009148"
"2875","22275","22454","11.2735583209553"
"2876","22275","22455","11.2735583209553"
"2877","22172","22457","17.6557176792719"
"2878","22194","22461","16.1721264883515"
"2879","22157","22478","19.9020788796508"
"2880","21860","22496","38.5445500918142"
"2881","21860","22497","38.5445500918142"
"2882","21955","22503","33.0722405032857"
"2883","21955","22504","33.0722405032857"
"2884","21955","22505","33.0722405032857"
"2885","21947","22512","33.7095315831068"
"2886","21074","22522","91.2264748382684"
"2887","22199","22523","20.4273122667614"
"2888","22199","22524","20.4273122667614"
"2889","22199","22525","20.4273122667614"
"2890","22199","22526","20.4273122667614"
"2891","22199","22527","20.4273122667614"
"2892","22061","22532","28.4455220476691"
"2893","21724","22544","49.7702185512908"
"2894","22001","22552","33.5471089430423"
"2895","22001","22553","33.5471089430423"
"2896","22001","22554","33.5471089430423"
"2897","21505","22568","66.7709670943761"
"2898","22408","22571","10.383775276347"
"2899","22408","22572","10.383775276347"
"2900","22408","22573","10.383775276347"
"2901","22410","22575","9.81294697542626"
"2902","22417","22576","9.61645369034386"
"2903","22417","22577","9.61645369034386"
"2904","21811","22580","46.5634919539391"
"2905","22051","22584","31.4434133102918"
"2906","22051","22585","31.4434133102918"
"2907","22383","22590","12.9596207911002"
"2908","22383","22591","12.9596207911002"
"2909","22366","22593","13.7876732183975"
"2910","22366","22594","13.7876732183975"
"2911","22366","22595","13.7876732183975"
"2912","22272","22596","19.9741048209571"
"2913","22272","22597","19.9741048209571"
"2914","21961","22598","38.0536719544782"
"2915","21961","22599","38.0536719544782"
"2916","21961","22600","38.0536719544782"
"2917","22337","22603","16.8682783581357"
"2918","22337","22604","16.8682783581357"
"2919","22337","22605","16.8682783581357"
"2920","22337","22606","16.8682783581357"
"2921","22337","22607","16.8682783581357"
"2922","22337","22608","16.8682783581357"
"2923","22337","22609","16.8682783581357"
"2924","21731","22627","53.4174054050377"
"2925","21731","22628","53.4174054050377"
"2926","22437","22632","11.2353228813326"
"2927","22307","22633","19.8931237961726"
"2928","22307","22634","19.8931237961726"
"2929","22387","22635","13.9369710634148"
"2930","22448","22636","10.6302347245903"
"2931","22448","22637","10.6302347245903"
"2932","22056","22638","33.5653351231467"
"2933","22327","22639","18.7377672944904"
"2934","22327","22640","18.7377672944904"
"2935","22327","22641","18.7377672944904"
"2936","22327","22642","18.7377672944904"
"2937","22327","22643","18.7377672944904"
"2938","22409","22647","13.4590649640363"
"2939","22409","22648","13.4590649640363"
"2940","22409","22649","13.4590649640363"
"2941","22441","22657","12.219424068365"
"2942","22590","22664","3.42210281505845"
"2943","22590","22665","3.42210281505845"
"2944","21979","22673","41.3679500903477"
"2945","21979","22674","41.3679500903477"
"2946","22363","22682","19.2400408005972"
"2947","22175","22683","31.246231449597"
"2948","22554","22684","7.91747920431703"
"2949","22554","22685","7.91747920431703"
"2950","22554","22686","7.91747920431703"
"2951","22554","22687","7.91747920431703"
"2952","22420","22693","16.4912441582674"
"2953","22420","22694","16.4912441582674"
"2954","22420","22695","16.4912441582674"
"2955","22328","22696","22.9110322551512"
"2956","22328","22697","22.9110322551512"
"2957","22447","22707","15.3495443102977"
"2958","22294","22712","25.8506342179674"
"2959","20069","22721","170.429767705295"
"2960","22151","22729","34.9282307919136"
"2961","22151","22730","34.9282307919136"
"2962","22523","22732","12.3702847535408"
"2963","22523","22733","12.3702847535408"
"2964","22523","22734","12.3702847535408"
"2965","22523","22735","12.3702847535408"
"2966","22419","22736","19.1792886376952"
"2967","22406","22739","20.780068060754"
"2968","22276","22743","29.873691396524"
"2969","22276","22744","29.873691396524"
"2970","22432","22755","20.6714661642525"
"2971","22432","22756","20.6714661642525"
"2972","22247","22766","32.4574908947998"
"2973","22733","22769","2.79359045423303"
"2974","22733","22770","2.79359045423303"
"2975","22633","22772","10.2798270035735"
"2976","22332","22773","28.7224858698185"
"2977","22593","22774","11.6908943384599"
"2978","22593","22775","11.6908943384599"
"2979","22593","22776","11.6908943384599"
"2980","22593","22777","11.6908943384599"
"2981","22642","22779","10.4326689924515"
"2982","22642","22780","10.4326689924515"
"2983","22642","22781","10.4326689924515"
"2984","22461","22784","20.415875362213"
"2985","22640","22786","10.7254887096644"
"2986","22640","22787","10.7254887096644"
"2987","22496","22789","18.3014102023844"
"2988","22496","22790","18.3014102023844"
"2989","22496","22791","18.3014102023844"
"2990","22496","22792","18.3014102023844"
"2991","22496","22793","18.3014102023844"
"2992","21866","22796","56.7277560049133"
"2993","21866","22797","56.7277560049133"
"2994","22055","22801","44.7384705184509"
"2995","22055","22802","44.7384705184509"
"2996","22171","22804","39.0208839611616"
"2997","21818","22816","60.9855692530653"
"2998","22595","22817","14.2048336577625"
"2999","22576","22827","15.9557998498087"
"3000","22576","22828","15.9557998498087"
"3001","22512","22833","20.0772043046206"
"3002","22512","22834","20.0772043046206"
"3003","22598","22836","15.3361376177345"
"3004","22598","22837","15.3361376177345"
"3005","21666","22839","72.7176642357879"
"3006","21666","22840","72.7176642357879"
"3007","22606","22844","15.7699164314483"
"3008","22606","22845","15.7699164314483"
"3009","22606","22846","15.7699164314483"
"3010","22606","22847","15.7699164314483"
"3011","21484","22848","85.1640880355528"
"3012","22739","22850","7.48513230718982"
"3013","22739","22851","7.48513230718982"
"3014","22739","22852","7.48513230718982"
"3015","22683","22853","11.2964140213771"
"3016","22683","22854","11.2964140213771"
"3017","22573","22855","18.0323484323883"
"3018","22573","22856","18.0323484323883"
"3019","22573","22857","18.0323484323883"
"3020","22358","22858","31.6744636503247"
"3021","22358","22859","31.6744636503247"
"3022","22597","22861","17.107892182742"
"3023","22597","22862","17.107892182742"
"3024","22597","22863","17.107892182742"
"3025","22597","22864","17.107892182742"
"3026","22638","22865","15.5921277017981"
"3027","22638","22866","15.5921277017981"
"3028","22712","22873","10.9700371209583"
"3029","22712","22874","10.9700371209583"
"3030","22743","22881","8.39545831779265"
"3031","22743","22882","8.39545831779265"
"3032","22772","22885","6.96298940297788"
"3033","22584","22891","19.3633426745321"
"3034","22584","22892","19.3633426745321"
"3035","22584","22893","19.3633426745321"
"3036","22289","22902","38.8833851366142"
"3037","22289","22903","38.8833851366142"
"3038","22289","22904","38.8833851366142"
"3039","22505","22905","24.4862351594982"
"3040","22505","22906","24.4862351594982"
"3041","22505","22907","24.4862351594982"
"3042","22649","22908","18.3727922646071"
"3043","22649","22909","18.3727922646071"
"3044","21768","22913","70.6473224018107"
"3045","22341","22914","36.660773990955"
"3046","22796","22930","8.64286791801715"
"3047","22796","22931","8.64286791801715"
"3048","22643","22934","20.134982586492"
"3049","22791","22935","9.44612494875992"
"3050","22693","22936","16.1680939524383"
"3051","22686","22937","16.5055586221295"
"3052","22684","22939","16.7387990847503"
"3053","22684","22940","16.7387990847503"
"3054","22684","22941","16.7387990847503"
"3055","22684","22942","16.7387990847503"
"3056","22797","22953","9.91896005493481"
"3057","22154","22960","49.880296605437"
"3058","22154","22961","49.880296605437"
"3059","22154","22962","49.880296605437"
"3060","22154","22963","49.880296605437"
"3061","22707","22966","17.3109266053539"
"3062","22707","22967","17.3109266053539"
"3063","22707","22968","17.3109266053539"
"3064","22707","22969","17.3109266053539"
"3065","22665","22972","20.4337130955996"
"3066","22695","22977","18.1315226346539"
"3067","22423","22983","34.7705505063898"
"3068","22906","22991","4.66542278641191"
"3069","22906","22992","4.66542278641191"
"3070","22906","22993","4.66542278641191"
"3071","21218","22995","110.410476336407"
"3072","21218","22996","110.410476336407"
"3073","21218","22997","110.410476336407"
"3074","21218","22998","110.410476336407"
"3075","21218","22999","110.410476336407"
"3076","22732","23002","16.6376368055041"
"3077","22864","23004","8.04312219215467"
"3078","22864","23005","8.04312219215467"
"3079","22450","23016","34.9242105401029"
"3080","21496","23017","94.5031900090851"
"3081","21496","23018","94.5031900090851"
"3082","22891","23019","7.31853556742544"
"3083","22891","23020","7.31853556742544"
"3084","22885","23025","8.02369033478067"
"3085","22756","23035","16.7366300353256"
"3086","22627","23036","26.5893068289811"
"3087","22627","23037","26.5893068289811"
"3088","22729","23044","19.6756793221246"
"3089","22647","23049","26.2368767886917"
"3090","22850","23050","11.7068555590088"
"3091","22850","23051","11.7068555590088"
"3092","22850","23052","11.7068555590088"
"3093","22850","23053","11.7068555590088"
"3094","22850","23054","11.7068555590088"
"3095","22840","23055","12.4949281423644"
"3096","22840","23056","12.4949281423644"
"3097","22840","23057","12.4949281423644"
"3098","22840","23058","12.4949281423644"
"3099","22991","23061","4.45140716698711"
"3100","22991","23062","4.45140716698711"
"3101","22801","23069","16.6591679405506"
"3102","23004","23070","4.29777002276955"
"3103","23004","23071","4.29777002276955"
"3104","22816","23074","15.6441753740928"
"3105","22905","23075","9.95410290810264"
"3106","21851","23076","74.3912092006935"
"3107","22960","23083","6.88011540481079"
"3108","22855","23086","13.6598800472948"
"3109","22855","23087","13.6598800472948"
"3110","23044","23092","3.01132036860417"
"3111","23044","23093","3.01132036860417"
"3112","22779","23096","18.9497796608175"
"3113","22504","23097","35.835979784136"
"3114","22935","23104","10.0188555903358"
"3115","22935","23105","10.0188555903358"
"3116","22857","23106","15.1515073729888"
"3117","22857","23107","15.1515073729888"
"3118","23069","23121","3.32841891887188"
"3119","22852","23122","16.5798080848674"
"3120","22936","23123","11.3965525029071"
"3121","22858","23124","16.4446085421657"
"3122","22858","23125","16.4446085421657"
"3123","22858","23126","16.4446085421657"
"3124","22992","23133","9.19060744787157"
"3125","22846","23138","17.5923275836537"
"3126","22846","23139","17.5923275836537"
"3127","22846","23140","17.5923275836537"
"3128","22846","23141","17.5923275836537"
"3129","23002","23142","8.65194140204608"
"3130","23002","23143","8.65194140204608"
"3131","23083","23144","3.64924040468986"
"3132","23083","23145","3.64924040468986"
"3133","23083","23146","3.64924040468986"
"3134","19114","23148","270.35231078294"
"3135","19114","23149","270.35231078294"
"3136","22902","23150","14.3067212120059"
"3137","22902","23151","14.3067212120059"
"3138","23037","23158","6.96500264354404"
"3139","23037","23159","6.96500264354404"
"3140","22962","23160","11.4021222856366"
"3141","22969","23166","11.3140788716689"
"3142","22969","23167","11.3140788716689"
"3143","22863","23172","18.0541223904747"
"3144","22863","23173","18.0541223904747"
"3145","22848","23181","19.1007805621982"
"3146","22416","23183","46.1864953697188"
"3147","22416","23184","46.1864953697188"
"3148","22257","23191","56.3592794541514"
"3149","22257","23192","56.3592794541514"
"3150","22257","23193","56.3592794541514"
"3151","22648","23197","34.8632037077516"
"3152","22648","23198","34.8632037077516"
"3153","22977","23200","13.1076556119308"
"3154","22977","23201","13.1076556119308"
"3155","22977","23202","13.1076556119308"
"3156","22212","23218","61.6421283811369"
"3157","22212","23219","61.6421283811369"
"3158","22212","23220","61.6421283811369"
"3159","22999","23221","13.0165748976508"
"3160","22942","23226","15.9970440928132"
"3161","22942","23227","15.9970440928132"
"3162","22942","23228","15.9970440928132"
"3163","22942","23229","15.9970440928132"
"3164","22942","23230","15.9970440928132"
"3165","23055","23232","10.1435746845414"
"3166","23055","23233","10.1435746845414"
"3167","22634","23234","37.3535692577886"
"3168","22634","23235","37.3535692577886"
"3169","22634","23236","37.3535692577886"
"3170","22634","23237","37.3535692577886"
"3171","21769","23239","89.1409510497751"
"3172","23139","23240","5.225841989115"
"3173","23139","23241","5.225841989115"
"3174","22132","23242","67.2672476493856"
"3175","22132","23243","67.2672476493856"
"3176","22851","23244","22.7058741817718"
"3177","22851","23245","22.7058741817718"
"3178","22596","23253","39.8000933284459"
"3179","22596","23254","39.8000933284459"
"3180","22596","23255","39.8000933284459"
"3181","22874","23256","22.3562954521219"
"3182","22641","23257","38.3372202698997"
"3183","23172","23258","4.94944337547122"
"3184","23183","23260","4.76314296532564"
"3185","23183","23261","4.76314296532564"
"3186","22000","23262","76.3237646981361"
"3187","22000","23263","76.3237646981361"
"3188","23036","23281","14.0502583287846"
"3189","23070","23284","12.437698368426"
"3190","23070","23285","12.437698368426"
"3191","22635","23286","40.7813650024591"
"3192","23057","23287","13.6765144656608"
"3193","22968","23289","18.535454855162"
"3194","22968","23290","18.535454855162"
"3195","22968","23291","18.535454855162"
"3196","22968","23292","18.535454855162"
"3197","22364","23297","56.1793219282245"
"3198","23086","23298","12.0166525937459"
"3199","22845","23308","26.7459214365042"
"3200","22845","23309","26.7459214365042"
"3201","22845","23310","26.7459214365042"
"3202","23263","23321","3.01749979055967"
"3203","23263","23322","3.01749979055967"
"3204","23260","23326","3.31220035491924"
"3205","23260","23327","3.31220035491924"
"3206","23260","23328","3.31220035491924"
"3207","23260","23329","3.31220035491924"
"3208","23260","23330","3.31220035491924"
"3209","22909","23332","23.6509904632887"
"3210","22972","23340","20.6574965734649"
"3211","22972","23341","20.6574965734649"
"3212","22972","23342","20.6574965734649"
"3213","23138","23345","11.0968825797283"
"3214","23138","23346","11.0968825797283"
"3215","23240","23348","6.05051555823866"
"3216","22859","23351","28.3362311430608"
"3217","22859","23352","28.3362311430608"
"3218","23016","23355","19.6876849547357"
"3219","23237","23361","7.31191067439522"
"3220","22418","23369","57.3097849346343"
"3221","22418","23370","57.3097849346343"
"3222","23191","23372","10.7707550618109"
"3223","23191","23373","10.7707550618109"
"3224","22881","23375","29.0195052136294"
"3225","22881","23376","29.0195052136294"
"3226","22881","23377","29.0195052136294"
"3227","22804","23378","34.4130267503904"
"3228","23257","23383","7.57786620531056"
"3229","23257","23384","7.57786620531056"
"3230","23244","23385","8.36534878106909"
"3231","23244","23386","8.36534878106909"
"3232","23348","23388","3.19151066552013"
"3233","23348","23389","3.19151066552013"
"3234","23348","23390","3.19151066552013"
"3235","22600","23403","48.9333797862255"
"3236","22600","23404","48.9333797862255"
"3237","23239","23409","10.7336188970703"
"3238","23239","23410","10.7336188970703"
"3239","23239","23411","10.7336188970703"
"3240","23239","23412","10.7336188970703"
"3241","23284","23420","8.15573159361725"
"3242","23149","23430","16.6805640100172"
"3243","23149","23431","16.6805640100172"
"3244","23149","23432","16.6805640100172"
"3245","23149","23433","16.6805640100172"
"3246","23149","23434","16.6805640100172"
"3247","23133","23435","17.2249552520989"
"3248","23133","23436","17.2249552520989"
"3249","23133","23437","17.2249552520989"
"3250","23133","23438","17.2249552520989"
"3251","23133","23439","17.2249552520989"
"3252","23133","23440","17.2249552520989"
"3253","23058","23442","22.9551080810295"
"3254","23058","23443","22.9551080810295"
"3255","23226","23449","13.1811162815948"
"3256","22124","23453","79.9346788413159"
"3257","22124","23454","79.9346788413159"
"3258","23087","23462","21.4150310016846"
"3259","23087","23463","21.4150310016846"
"3260","23087","23464","21.4150310016846"
"3261","23261","23465","11.663568139614"
"3262","23352","23473","7.24357199460997"
"3263","23352","23474","7.24357199460997"
"3264","23352","23475","7.24357199460997"
"3265","23330","23479","9.20061416143085"
"3266","23242","23488","14.3338495179603"
"3267","23242","23489","14.3338495179603"
"3268","23322","23490","10.2155762898469"
"3269","23322","23491","10.2155762898469"
"3270","23322","23492","10.2155762898469"
"3271","23322","23493","10.2155762898469"
"3272","23322","23494","10.2155762898469"
"3273","23409","23495","3.99475505365558"
"3274","23409","23496","3.99475505365558"
"3275","23122","23497","20.6745772896229"
"3276","23122","23498","20.6745772896229"
"3277","20196","23499","208.342645605383"
"3278","23342","23501","9.63414725231701"
"3279","23342","23502","9.63414725231701"
"3280","22892","23503","35.4410108160639"
"3281","22892","23504","35.4410108160639"
"3282","23141","23509","21.0998591080481"
"3283","23141","23510","21.0998591080481"
"3284","23141","23511","21.0998591080481"
"3285","23340","23515","10.6443560710768"
"3286","23430","23526","5.67276741612227"
"3287","23430","23527","5.67276741612227"
"3288","23430","23528","5.67276741612227"
"3289","23410","23531","6.79276837804014"
"3290","23410","23532","6.79276837804014"
"3291","23355","23538","11.2122895799705"
"3292","23355","23539","11.2122895799705"
"3293","23355","23540","11.2122895799705"
"3294","23292","23541","14.7413061124723"
"3295","23384","23550","10.0106863469357"
"3296","23384","23551","10.0106863469357"
"3297","23328","23552","14.0356028011995"
"3298","23436","23559","7.2868549200432"
"3299","23281","23561","16.7217802098878"
"3300","23158","23562","23.853443668097"
"3301","22784","23574","46.5459613260234"
"3302","23233","23578","20.573259939657"
"3303","23159","23580","24.7604079734958"
"3304","23377","23592","12.5590898836508"
"3305","23370","23599","13.5585723073489"
"3306","23370","23600","13.5585723073489"
"3307","23370","23601","13.5585723073489"
"3308","23431","23602","9.78533876725373"
"3309","23431","23603","9.78533876725373"
"3310","23431","23604","9.78533876725373"
"3311","22996","23611","36.3578113744591"
"3312","23126","23618","27.7375821285957"
"3313","23437","23619","10.5174317294775"
"3314","23389","23620","13.2681803519622"
"3315","23389","23621","13.2681803519622"
"3316","23389","23622","13.2681803519622"
"3317","23389","23623","13.2681803519622"
"3318","23389","23624","13.2681803519622"
"3319","22575","23625","62.6005954069074"
"3320","22575","23626","62.6005954069074"
"3321","23256","23627","21.7457281902002"
"3322","22953","23628","39.457453194319"
"3323","22953","23629","39.457453194319"
"3324","22953","23630","39.457453194319"
"3325","22953","23631","39.457453194319"
"3326","23262","23641","21.9537396558401"
"3327","23262","23642","21.9537396558401"
"3328","23262","23643","21.9537396558401"
"3329","22735","23644","54.2211696081042"
"3330","22735","23645","54.2211696081042"
"3331","22998","23646","38.0609622371455"
"3332","22998","23647","38.0609622371455"
"3333","22998","23648","38.0609622371455"
"3334","22047","23651","95.5043683143704"
"3335","22047","23652","95.5043683143704"
"3336","23434","23654","12.4439860482664"
"3337","23434","23655","12.4439860482664"
"3338","23234","23658","24.6503869083203"
"3339","23234","23659","24.6503869083203"
"3340","23234","23660","24.6503869083203"
"3341","23151","23661","29.2586596568267"
"3342","22266","23667","83.5911632550017"
"3343","22266","23668","83.5911632550017"
"3344","23538","23669","6.84553392297084"
"3345","23289","23678","22.2300840779701"
"3346","23383","23679","16.8737074723856"
"3347","22873","23682","47.0464018887303"
"3348","23494","23683","11.1724469338599"
"3349","23621","23686","3.77340295213935"
"3350","23035","23687","38.0212054250826"
"3351","22449","23688","74.4607416750951"
"3352","22449","23689","74.4607416750951"
"3353","22449","23690","74.4607416750951"
"3354","22449","23691","74.4607416750951"
"3355","22303","23692","84.6397350198392"
"3356","23166","23696","31.1876172139603"
"3357","23166","23697","31.1876172139603"
"3358","22497","23700","72.3390342034716"
"3359","22497","23701","72.3390342034716"
"3360","23228","23702","28.312928039795"
"3361","21738","23704","118.346546575786"
"3362","21738","23705","118.346546575786"
"3363","23192","23706","30.5265398039594"
"3364","23075","23707","37.3253564399333"
"3365","23075","23708","37.3253564399333"
"3366","23075","23709","37.3253564399333"
"3367","23075","23710","37.3253564399333"
"3368","23220","23711","29.6244882111534"
"3369","23623","23712","5.87871672859114"
"3370","23623","23713","5.87871672859114"
"3371","23644","23725","6.11473794450626"
"3372","23644","23726","6.11473794450626"
"3373","23124","23735","35.7909810991757"
"3374","23107","23739","37.7062353632266"
"3375","23509","23740","14.8871754363947"
"3376","23378","23745","22.4438668236298"
"3377","23378","23746","22.4438668236298"
"3378","23378","23747","22.4438668236298"
"3379","23378","23748","22.4438668236298"
"3380","23532","23749","13.5049370779602"
"3381","23532","23750","13.5049370779602"
"3382","23327","23751","26.3540298634532"
"3383","23241","23753","31.164035077632"
"3384","23241","23754","31.164035077632"
"3385","23241","23755","31.164035077632"
"3386","23492","23758","16.5185969754418"
"3387","21890","23768","113.441853792038"
"3388","21890","23769","113.441853792038"
"3389","21890","23770","113.441853792038"
"3390","23297","23774","28.6061236713208"
"3391","22291","23775","90.1639068569157"
"3392","22291","23776","90.1639068569157"
"3393","22291","23777","90.1639068569157"
"3394","22291","23778","90.1639068569157"
"3395","22291","23779","90.1639068569157"
"3396","22258","23780","91.2072600940298"
"3397","22258","23781","91.2072600940298"
"3398","22258","23782","91.2072600940298"
"3399","23341","23792","27.1585708243047"
"3400","23528","23798","15.72294821835"
"3401","23528","23799","15.72294821835"
"3402","23528","23800","15.72294821835"
"3403","23386","23801","24.3979911252361"
"3404","23386","23802","24.3979911252361"
"3405","23326","23803","28.5133401601522"
"3406","23559","23807","14.340346145216"
"3407","23388","23808","24.308690727773"
"3408","23388","23809","24.308690727773"
"3409","23388","23810","24.308690727773"
"3410","23463","23811","20.6389928974859"
"3411","23463","23812","20.6389928974859"
"3412","23611","23813","11.618834229796"
"3413","22270","23815","92.6029461408862"
"3414","23630","23826","10.9260990132543"
"3415","23493","23829","19.4741072987767"
"3416","23713","23830","5.79965751966552"
"3417","23713","23831","5.79965751966552"
"3418","23713","23832","5.79965751966552"
"3419","23390","23833","24.9837914190118"
"3420","22568","23846","74.8687035442322"
"3421","23433","23847","23.2243901727813"
"3422","23433","23848","23.2243901727813"
"3423","22755","23851","63.4009783889151"
"3424","23622","23853","12.7480939023444"
"3425","23622","23854","12.7480939023444"
"3426","23622","23855","12.7480939023444"
"3427","23629","23857","12.2961480138158"
"3428","23449","23858","23.0865114382138"
"3429","23475","23860","22.0339207552383"
"3430","23601","23863","14.587119248095"
"3431","23704","23864","8.57263036204154"
"3432","23539","23869","18.6499419524539"
"3433","23539","23870","18.6499419524539"
"3434","22609","23871","75.312464724565"
"3435","22526","23872","79.6458383222059"
"3436","23420","23873","25.6209582005977"
"3437","23683","23874","10.9782051774046"
"3438","23683","23875","10.9782051774046"
"3439","23683","23876","10.9782051774046"
"3440","23679","23877","11.4980168807269"
"3441","23369","23879","29.59103078265"
"3442","23369","23880","29.59103078265"
"3443","23369","23881","29.59103078265"
"3444","23747","23883","6.52640016229475"
"3445","23678","23886","12.1028115988408"
"3446","23412","23887","27.179714319607"
"3447","23412","23888","27.179714319607"
"3448","23442","23903","26.3315247291528"
"3449","23442","23904","26.3315247291528"
"3450","22664","23905","74.3064647249048"
"3451","23697","23906","11.5317549855056"
"3452","23697","23907","11.5317549855056"
"3453","23697","23908","11.5317549855056"
"3454","23697","23909","11.5317549855056"
"3455","23848","23911","3.9355933028703"
"3456","22939","23914","56.1507304876325"
"3457","22939","23915","56.1507304876325"
"3458","22939","23916","56.1507304876325"
"3459","22939","23917","56.1507304876325"
"3460","23648","23918","15.7360391525813"
"3461","23645","23919","15.7898995638079"
"3462","23645","23920","15.7898995638079"
"3463","23645","23921","15.7898995638079"
"3464","23768","23922","7.85308696346169"
"3465","23618","23924","17.4801469981253"
"3466","22865","23930","61.4677279014088"
"3467","23619","23933","17.744002354566"
"3468","23750","23937","9.47916159117472"
"3469","23750","23938","9.47916159117472"
"3470","23750","23939","9.47916159117472"
"3471","23627","23940","17.6525643474333"
"3472","23562","23943","21.5168796712653"
"3473","23499","23948","26.914269849379"
"3474","23826","23949","8.03290400042965"
"3475","23826","23950","8.03290400042965"
"3476","23376","23957","33.9901283691929"
"3477","23851","23961","7.40002077261556"
"3478","23690","23964","16.1530739636237"
"3479","23690","23965","16.1530739636237"
"3480","23809","23966","9.16493453585099"
"3481","23435","23972","31.4753419781232"
"3482","23711","23978","15.4880533329713"
"3483","23711","23979","15.4880533329713"
"3484","23811","23981","10.3213315698731"
"3485","23811","23982","10.3213315698731"
"3486","23811","23983","10.3213315698731"
"3487","23811","23984","10.3213315698731"
"3488","23811","23985","10.3213315698731"
"3489","23811","23986","10.3213315698731"
"3490","23782","23995","12.6233426611466"
"3491","23782","23996","12.6233426611466"
"3492","23774","23998","12.9595037194022"
"3493","23774","23999","12.9595037194022"
"3494","23774","24000","12.9595037194022"
"3495","23440","24001","33.183386661384"
"3496","23440","24002","33.183386661384"
"3497","23440","24003","33.183386661384"
"3498","23440","24004","33.183386661384"
"3499","23440","24005","33.183386661384"
"3500","23854","24014","10.4133523162232"
"3501","23769","24018","14.238381640801"
"3502","23769","24019","14.238381640801"
"3503","23769","24020","14.238381640801"
"3504","22993","24025","60.7537863070777"
"3505","23802","24027","13.4160933430448"
"3506","23642","24033","23.4595918783712"
"3507","23950","24034","4.74204699448387"
"3508","23453","24049","34.9131432392915"
"3509","23453","24050","34.9131432392915"
"3510","23602","24055","26.3836754073156"
"3511","23346","24062","42.3016899674133"
"3512","23981","24063","4.34775464079235"
"3513","23981","24064","4.34775464079235"
"3514","23981","24065","4.34775464079235"
"3515","23876","24068","11.5782107765986"
"3516","23876","24069","11.5782107765986"
"3517","23876","24070","11.5782107765986"
"3518","23667","24071","23.8869911772695"
"3519","24014","24076","3.39671534808463"
"3520","24014","24077","3.39671534808463"
"3521","24014","24078","3.39671534808463"
"3522","23881","24082","12.2638758814028"
"3523","23552","24083","30.8897157026972"
"3524","23385","24086","41.1324241732382"
"3525","23385","24087","41.1324241732382"
"3526","23385","24088","41.1324241732382"
"3527","23937","24089","9.57790517932631"
"3528","23937","24090","9.57790517932631"
"3529","23937","24091","9.57790517932631"
"3530","23937","24092","9.57790517932631"
"3531","23937","24093","9.57790517932631"
"3532","23937","24094","9.57790517932631"
"3533","23503","24095","34.7515200009277"
"3534","23996","24096","5.42754194595386"
"3535","23996","24097","5.42754194595386"
"3536","23074","24098","59.4703717473042"
"3537","23074","24099","59.4703717473042"
"3538","23815","24100","16.4766068730614"
"3539","23815","24101","16.4766068730614"
"3540","23907","24103","11.5603985905857"
"3541","23641","24106","27.2489690576126"
"3542","23858","24107","15.195104951667"
"3543","23858","24108","15.195104951667"
"3544","23858","24109","15.195104951667"
"3545","23858","24110","15.195104951667"
"3546","23908","24124","12.6084497116724"
"3547","23691","24128","25.1559049186114"
"3548","23691","24129","25.1559049186114"
"3549","23691","24130","25.1559049186114"
"3550","23691","24131","25.1559049186114"
"3551","23659","24137","28.5148725366043"
"3552","23873","24140","16.1305507736881"
"3553","22856","24148","75.8080227620592"
"3554","22856","24149","75.8080227620592"
"3555","22856","24150","75.8080227620592"
"3556","22856","24151","75.8080227620592"
"3557","23668","24152","29.2925399882631"
"3558","23668","24153","29.2925399882631"
"3559","23776","24158","21.89826081658"
"3560","23776","24159","21.89826081658"
"3561","23620","24160","31.5063527615669"
"3562","23620","24161","31.5063527615669"
"3563","23918","24163","15.014566683413"
"3564","23924","24164","14.9811440616249"
"3565","23800","24173","21.9104373174282"
"3566","23800","24174","21.9104373174282"
"3567","23800","24175","21.9104373174282"
"3568","23748","24176","24.1605086514014"
"3569","23748","24177","24.1605086514014"
"3570","24018","24181","9.41543023314307"
"3571","23125","24189","61.403970826367"
"3572","23125","24190","61.403970826367"
"3573","23911","24192","17.196451520512"
"3574","23758","24194","24.984497432516"
"3575","23847","24196","21.5678248942247"
"3576","23847","24197","21.5678248942247"
"3577","23847","24198","21.5678248942247"
"3578","23813","24199","23.1096098851235"
"3579","23982","24204","13.3073057548283"
"3580","23857","24205","21.9055444219782"
"3581","23799","24206","24.2777132604174"
"3582","23799","24207","24.2777132604174"
"3583","23799","24208","24.2777132604174"
"3584","23799","24209","24.2777132604174"
"3585","23972","24210","14.0094225449598"
"3586","23972","24211","14.0094225449598"
"3587","23972","24212","14.0094225449598"
"3588","23920","24213","17.8326530417828"
"3589","23905","24217","18.7475168919489"
"3590","24005","24218","12.4662589733366"
"3591","24062","24221","9.57928330551999"
"3592","24062","24222","9.57928330551999"
"3593","23106","24234","65.261898723568"
"3594","23106","24235","65.261898723568"
"3595","23106","24236","65.261898723568"
"3596","23106","24237","65.261898723568"
"3597","23661","24241","34.0308019267181"
"3598","23403","24242","48.0818922451126"
"3599","21471","24245","166.669145381662"
"3600","24033","24255","12.2363606434585"
"3601","23474","24256","45.8082905635763"
"3602","23474","24257","45.8082905635763"
"3603","23474","24258","45.8082905635763"
"3604","24158","24260","5.57686638666405"
"3605","24158","24261","5.57686638666405"
"3606","24158","24262","5.57686638666405"
"3607","24158","24263","5.57686638666405"
"3608","24158","24264","5.57686638666405"
"3609","23243","24275","60.3883022463515"
"3610","23243","24276","60.3883022463515"
"3611","23243","24277","60.3883022463515"
"3612","23243","24278","60.3883022463515"
"3613","23243","24279","60.3883022463515"
"3614","23855","24282","25.463103890115"
"3615","24093","24288","11.0072162426263"
"3616","24093","24289","11.0072162426263"
"3617","22866","24290","82.7527770469919"
"3618","23739","24294","30.6420917568787"
"3619","22828","24295","85.433924807232"
"3620","24055","24296","13.6025783906664"
"3621","24055","24297","13.6025783906664"
"3622","24241","24306","3.62699302654823"
"3623","24241","24307","3.62699302654823"
"3624","24241","24308","3.62699302654823"
"3625","23682","24314","36.5701864718874"
"3626","23285","24315","59.3277981702788"
"3627","23726","24316","32.5139525385118"
"3628","23706","24317","34.7086149974236"
"3629","23943","24318","21.5674181329136"
"3630","23943","24319","21.5674181329136"
"3631","23943","24320","21.5674181329136"
"3632","24160","24325","9.56007349068"
"3633","24160","24326","9.56007349068"
"3634","23781","24335","31.6721119366698"
"3635","23781","24336","31.6721119366698"
"3636","23781","24337","31.6721119366698"
"3637","23404","24338","53.4488960105707"
"3638","23404","24339","53.4488960105707"
"3639","23995","24341","19.4722767257174"
"3640","23961","24348","22.2556555885087"
"3641","23961","24349","22.2556555885087"
"3642","23846","24351","30.2240485848681"
"3643","24087","24352","14.8913072972107"
"3644","24087","24353","14.8913072972107"
"3645","24082","24354","15.2521921764805"
"3646","24211","24357","7.82212965213557"
"3647","22995","24358","79.5110528555651"
"3648","24207","24374","8.50887131412242"
"3649","24210","24378","8.7825259431238"
"3650","24210","24379","8.7825259431238"
"3651","24210","24380","8.7825259431238"
"3652","24210","24381","8.7825259431238"
"3653","24210","24382","8.7825259431238"
"3654","24306","24386","4.51657156487045"
"3655","24199","24387","9.72134814470655"
"3656","24199","24388","9.72134814470655"
"3657","22847","24389","89.3817643513742"
"3658","20689","24392","226.924048833579"
"3659","24020","24398","21.7881254277002"
"3660","24020","24399","21.7881254277002"
"3661","24034","24400","20.9460208212392"
"3662","24034","24401","20.9460208212392"
"3663","24131","24414","16.6184674717292"
"3664","24131","24415","16.6184674717292"
"3665","24131","24416","16.6184674717292"
"3666","24131","24417","16.6184674717292"
"3667","24131","24418","16.6184674717292"
"3668","24131","24419","16.6184674717292"
"3669","23541","24420","50.3786687805041"
"3670","23541","24421","50.3786687805041"
"3671","23919","24429","29.6772828550677"
"3672","23919","24430","29.6772828550677"
"3673","23491","24436","54.890107675478"
"3674","23491","24437","54.890107675478"
"3675","23491","24438","54.890107675478"
"3676","24264","24439","10.1214369814109"
"3677","24264","24440","10.1214369814109"
"3678","23914","24441","30.3220690309845"
"3679","24164","24444","15.2714333213924"
"3680","19273","24450","332.778747533263"
"3681","19273","24451","332.778747533263"
"3682","19273","24452","332.778747533263"
"3683","19273","24453","332.778747533263"
"3684","24064","24454","21.8220578457929"
"3685","24196","24456","13.8081104829596"
"3686","24196","24457","13.8081104829596"
"3687","24196","24458","13.8081104829596"
"3688","24338","24459","6.69231041431908"
"3689","24338","24460","6.69231041431908"
"3690","24417","24464","2.53275932875636"
"3691","24417","24465","2.53275932875636"
"3692","24262","24479","12.400324422051"
"3693","24295","24480","10.5418813021083"
"3694","24295","24481","10.5418813021083"
"3695","24245","24482","13.5417482690409"
"3696","24245","24483","13.5417482690409"
"3697","24245","24484","13.5417482690409"
"3698","24245","24485","13.5417482690409"
"3699","24325","24489","8.61424535943502"
"3700","24221","24490","14.5535378957479"
"3701","22934","24491","89.5010923822756"
"3702","22934","24492","89.5010923822756"
"3703","22934","24493","89.5010923822756"
"3704","22934","24494","89.5010923822756"
"3705","24181","24495","17.0633417321028"
"3706","24100","24496","22.2385701133642"
"3707","24100","24497","22.2385701133642"
"3708","24100","24498","22.2385701133642"
"3709","24197","24499","16.076602442914"
"3710","23351","24502","66.4129379154176"
"3711","24392","24503","5.95213802318381"
"3712","23877","24504","36.0029212557588"
"3713","23877","24505","36.0029212557588"
"3714","23877","24506","36.0029212557588"
"3715","23879","24514","35.9499822344819"
"3716","23965","24515","30.6038923864207"
"3717","23965","24516","30.6038923864207"
"3718","23965","24517","30.6038923864207"
"3719","24192","24526","18.3248401450517"
"3720","24192","24527","18.3248401450517"
"3721","24335","24528","10.706374453531"
"3722","24335","24529","10.706374453531"
"3723","24335","24530","10.706374453531"
"3724","24326","24531","10.8513011964931"
"3725","24326","24532","10.8513011964931"
"3726","24326","24533","10.8513011964931"
"3727","24326","24534","10.8513011964931"
"3728","24326","24535","10.8513011964931"
"3729","23940","24536","34.0609094204817"
"3730","22607","24537","113.102465692702"
"3731","24258","24538","15.13266608701"
"3732","24258","24539","15.13266608701"
"3733","24258","24540","15.13266608701"
"3734","24258","24541","15.13266608701"
"3735","24352","24542","9.82850896371633"
"3736","24352","24543","9.82850896371633"
"3737","24352","24544","9.82850896371633"
"3738","24205","24548","17.4299171046646"
"3739","24205","24549","17.4299171046646"
"3740","24296","24550","13.580143233846"
"3741","21801","24554","162.95949736826"
"3742","21801","24555","162.95949736826"
"3743","23887","24560","38.3958784658207"
"3744","24090","24561","26.4792427833195"
"3745","24499","24562","4.05870261954465"
"3746","23219","24563","78.1589634711113"
"3747","23219","24564","78.1589634711113"
"3748","24531","24565","2.53831788988578"
"3749","24129","24579","26.508095885536"
"3750","24068","24582","29.9558752657711"
"3751","24068","24583","29.9558752657711"
"3752","24464","24584","7.56613596676016"
"3753","24190","24586","23.057852484807"
"3754","24190","24587","23.057852484807"
"3755","24097","24589","28.9854728856014"
"3756","24097","24590","28.9854728856014"
"3757","24097","24591","28.9854728856014"
"3758","24097","24592","28.9854728856014"
"3759","24097","24593","28.9854728856014"
"3760","24097","24594","28.9854728856014"
"3761","24275","24598","18.6634840247907"
"3762","24275","24599","18.6634840247907"
"3763","23775","24600","47.2753263583891"
"3764","23775","24601","47.2753263583891"
"3765","24550","24602","4.37462551917884"
"3766","24550","24603","4.37462551917884"
"3767","24494","24607","7.243648559044"
"3768","24078","24608","30.700434776099"
"3769","24078","24609","30.700434776099"
"3770","24078","24610","30.700434776099"
"3771","24078","24611","30.700434776099"
"3772","23709","24612","51.8258444063508"
"3773","23709","24613","51.8258444063508"
"3774","23709","24614","51.8258444063508"
"3775","24483","24616","8.28254339358796"
"3776","24564","24618","4.02073033546321"
"3777","24564","24619","4.02073033546321"
"3778","24564","24620","4.02073033546321"
"3779","24459","24621","10.4992267657124"
"3780","24459","24622","10.4992267657124"
"3781","24430","24623","11.9018275220581"
"3782","23740","24625","50.8294316878073"
"3783","23740","24626","50.8294316878073"
"3784","23888","24629","44.093244949097"
"3785","24438","24637","12.8021205104112"
"3786","24482","24642","11.0774681841333"
"3787","24482","24643","11.0774681841333"
"3788","24399","24646","15.4758513684462"
"3789","24526","24647","8.90598226355291"
"3790","24526","24648","8.90598226355291"
"3791","24608","24651","3.81893492692325"
"3792","24608","24652","3.81893492692325"
"3793","24083","24653","34.1199652984994"
"3794","24548","24654","9.27084321939628"
"3795","24504","24655","11.1429507796611"
"3796","24504","24656","11.1429507796611"
"3797","24504","24657","11.1429507796611"
"3798","24504","24658","11.1429507796611"
"3799","24504","24659","11.1429507796611"
"3800","24504","24660","11.1429507796611"
"3801","24204","24668","27.4542949314161"
"3802","24213","24686","28.1608791711158"
"3803","24213","24687","28.1608791711158"
"3804","23624","24688","63.0786807616007"
"3805","23624","24689","63.0786807616007"
"3806","23624","24690","63.0786807616007"
"3807","24282","24695","25.4331674901528"
"3808","24282","24696","25.4331674901528"
"3809","24282","24697","25.4331674901528"
"3810","24282","24698","25.4331674901528"
"3811","24320","24699","23.7502979626959"
"3812","24320","24700","23.7502979626959"
"3813","24320","24701","23.7502979626959"
"3814","24320","24702","23.7502979626959"
"3815","24320","24703","23.7502979626959"
"3816","24357","24704","21.0717752352973"
"3817","24357","24705","21.0717752352973"
"3818","24260","24709","27.2587094952294"
"3819","24099","24712","36.7653029614225"
"3820","24621","24713","6.02435507067003"
"3821","24621","24714","6.02435507067003"
"3822","24621","24715","6.02435507067003"
"3823","24457","24716","16.8332599965593"
"3824","24140","24717","34.5089260999096"
"3825","24177","24718","32.7192345621152"
"3826","24440","24719","18.1870308081729"
"3827","24440","24720","18.1870308081729"
"3828","24354","24725","23.513916250392"
"3829","24354","24726","23.513916250392"
"3830","24354","24727","23.513916250392"
"3831","24354","24728","23.513916250392"
"3832","23803","24729","55.3295139059665"
"3833","24094","24730","38.5502648284462"
"3834","24094","24731","38.5502648284462"
"3835","24208","24732","31.2824621313177"
"3836","24208","24733","31.2824621313177"
"3837","24208","24734","31.2824621313177"
"3838","24208","24735","31.2824621313177"
"3839","24208","24736","31.2824621313177"
"3840","24308","24737","26.6508797101155"
"3841","24418","24739","20.494681752408"
"3842","24436","24750","20.8159986225457"
"3843","24436","24751","20.8159986225457"
"3844","24176","24752","35.3792332830819"
"3845","24176","24753","35.3792332830819"
"3846","24528","24755","16.2259688200031"
"3847","24517","24756","17.3530561082155"
"3848","24288","24757","29.869165505025"
"3849","24616","24765","10.8889520846426"
"3850","24637","24766","9.11137020361934"
"3851","24637","24767","9.11137020361934"
"3852","23869","24770","55.2475569182254"
"3853","24307","24773","29.8582151737596"
"3854","24535","24774","17.4499049789138"
"3855","24612","24775","12.0840189122994"
"3856","24612","24776","12.0840189122994"
"3857","24174","24777","37.4119230525525"
"3858","24174","24778","37.4119230525525"
"3859","24618","24779","11.6292646461886"
"3860","24235","24780","34.1909032213193"
"3861","24235","24781","34.1909032213193"
"3862","24235","24782","34.1909032213193"
"3863","24582","24783","14.1525854915537"
"3864","24276","24792","32.9284160312343"
"3865","24276","24793","32.9284160312343"
"3866","24620","24795","12.8586301223195"
"3867","24727","24796","5.40884424551814"
"3868","24589","24797","14.8047195982078"
"3869","24533","24798","19.7261123925152"
"3870","24533","24799","19.7261123925152"
"3871","24725","24803","6.51720664308527"
"3872","24629","24808","13.4144266292174"
"3873","23863","24811","59.6717891908538"
"3874","24336","24812","31.8117221415325"
"3875","24647","24813","12.39126588404"
"3876","24019","24829","50.3308349385231"
"3877","24019","24830","50.3308349385231"
"3878","24019","24831","50.3308349385231"
"3879","24019","24832","50.3308349385231"
"3880","24019","24833","50.3308349385231"
"3881","24600","24834","16.9842843244912"
"3882","24600","24835","16.9842843244912"
"3883","24600","24836","16.9842843244912"
"3884","24642","24839","13.5545540064952"
"3885","24642","24840","13.5545540064952"
"3886","24319","24841","34.3621191077759"
"3887","24619","24844","16.3838870981815"
"3888","24619","24845","16.3838870981815"
"3889","24594","24848","18.4352195274805"
"3890","24594","24849","18.4352195274805"
"3891","24594","24850","18.4352195274805"
"3892","24594","24851","18.4352195274805"
"3893","24594","24852","18.4352195274805"
"3894","24594","24853","18.4352195274805"
"3895","24382","24864","32.0088074980579"
"3896","24659","24865","14.0254076552526"
"3897","24659","24866","14.0254076552526"
"3898","24415","24867","30.1109044809084"
"3899","24415","24868","30.1109044809084"
"3900","24489","24871","26.5792858993716"
"3901","24000","24874","54.041750480777"
"3902","24000","24875","54.041750480777"
"3903","24000","24876","54.041750480777"
"3904","24799","24881","5.09255500966333"
"3905","24161","24883","45.3822507538198"
"3906","24161","24884","45.3822507538198"
"3907","24294","24890","38.4346935068127"
"3908","24657","24894","16.706971089578"
"3909","24657","24895","16.706971089578"
"3910","24657","24896","16.706971089578"
"3911","24657","24897","16.706971089578"
"3912","24853","24904","3.98704854168841"
"3913","24853","24905","3.98704854168841"
"3914","24853","24906","3.98704854168841"
"3915","24853","24907","3.98704854168841"
"3916","24853","24908","3.98704854168841"
"3917","24853","24909","3.98704854168841"
"3918","24829","24915","5.46734919710684"
"3919","24829","24916","5.46734919710684"
"3920","24829","24917","5.46734919710684"
"3921","24314","24929","40.1156794912717"
"3922","24314","24930","40.1156794912717"
"3923","24314","24931","40.1156794912717"
"3924","24599","24935","23.2460230641011"
"3925","24704","24936","16.4094521674785"
"3926","24704","24937","16.4094521674785"
"3927","24766","24945","12.685056900496"
"3928","24714","24948","17.4899633836453"
"3929","24714","24949","17.4899633836453"
"3930","24752","24950","14.031930840285"
"3931","24739","24951","15.7758626270897"
"3932","24739","24952","15.7758626270897"
"3933","24739","24953","15.7758626270897"
"3934","24739","24954","15.7758626270897"
"3935","23801","24957","71.8211174935805"
"3936","23801","24958","71.8211174935805"
"3937","23801","24959","71.8211174935805"
"3938","24148","24961","51.6948465732066"
"3939","23832","24962","71.2462173392728"
"3940","23832","24963","71.2462173392728"
"3941","23832","24964","71.2462173392728"
"3942","24757","24965","14.5400807629505"
"3943","24757","24966","14.5400807629505"
"3944","24728","24967","17.3010344852748"
"3945","24728","24968","17.3010344852748"
"3946","23985","24969","61.7876259148275"
"3947","23985","24970","61.7876259148275"
"3948","24737","24971","17.1617212232488"
"3949","24315","24976","43.6595097552276"
"3950","24503","24977","33.2489362249082"
"3951","24917","24979","4.54443102754362"
"3952","24917","24980","4.54443102754362"
"3953","24388","24986","40.4740725247834"
"3954","24808","24987","11.829312279865"
"3955","24688","24990","21.7745707477748"
"3956","24688","24991","21.7745707477748"
"3957","24688","24992","21.7745707477748"
"3958","24688","24993","21.7745707477748"
"3959","23712","24994","79.0236238523441"
"3960","24110","24999","56.9836046081828"
"3961","24110","25000","56.9836046081828"
"3962","24849","25001","10.6297317354281"
"3963","24729","25002","19.7942207197148"
"3964","24733","25005","19.7894636060812"
"3965","24733","25006","19.7894636060812"
"3966","24976","25010","3.10404013720085"
"3967","24835","25011","12.8378501570669"
"3968","24839","25012","12.6569015740522"
"3969","24839","25013","12.6569015740522"
"3970","24839","25014","12.6569015740522"
"3971","24839","25015","12.6569015740522"
"3972","24952","25016","4.91108128809151"
"3973","24952","25017","4.91108128809151"
"3974","24655","25027","26.3756818615311"
"3975","24850","25032","13.5720223388207"
"3976","24850","25033","13.5720223388207"
"3977","24850","25034","13.5720223388207"
"3978","24850","25035","13.5720223388207"
"3979","24439","25036","41.5191299182379"
"3980","24782","25037","19.076841180035"
"3981","24782","25038","19.076841180035"
"3982","24380","25039","45.5344569828485"
"3983","24380","25040","45.5344569828485"
"3984","24945","25041","7.56996209623776"
"3985","24945","25042","7.56996209623776"
"3986","24949","25051","7.64078690623296"
"3987","24950","25052","7.58296810920365"
"3988","24950","25053","7.58296810920365"
"3989","24848","25055","15.0610139937307"
"3990","24848","25056","15.0610139937307"
"3991","24987","25058","5.45994932969347"
"3992","24773","25059","20.8286742417897"
"3993","24098","25061","62.9505010168268"
"3994","24098","25062","62.9505010168268"
"3995","25000","25065","6.0480787798615"
"3996","25000","25066","6.0480787798615"
"3997","24977","25070","7.95420056216267"
"3998","24977","25071","7.95420056216267"
"3999","24977","25072","7.95420056216267"
"4000","23810","25073","80.5808229209397"
"4001","24962","25079","9.08868061341104"
"4002","24969","25080","8.935726844805"
"4003","24969","25081","8.935726844805"
"4004","24969","25082","8.935726844805"
"4005","24969","25083","8.935726844805"
"4006","24953","25084","10.0397161882627"
"4007","24895","25085","13.8681599089746"
"4008","25055","25086","2.22689658180889"
"4009","24755","25088","24.2186068740268"
"4010","24236","25089","56.8125467262612"
"4011","24875","25090","16.1511145123527"
"4012","24875","25091","16.1511145123527"
"4013","24875","25092","16.1511145123527"
"4014","24875","25093","16.1511145123527"
"4015","23860","25094","79.7532276464103"
"4016","23860","25095","79.7532276464103"
"4017","24833","25104","19.5065883957041"
"4018","24833","25105","19.5065883957041"
"4019","24598","25106","36.5686361311432"
"4020","25005","25107","7.89772160136999"
"4021","25005","25108","7.89772160136999"
"4022","24698","25110","30.5284826664506"
"4023","24954","25112","12.1101878659824"
"4024","24954","25113","12.1101878659824"
"4025","24896","25120","15.9875961432094"
"4026","24994","25123","9.51463516103809"
"4027","24994","25124","9.51463516103809"
"4028","24931","25126","14.6026922794565"
"4029","24931","25127","14.6026922794565"
"4030","24931","25128","14.6026922794565"
"4031","24931","25129","14.6026922794565"
"4032","24868","25130","18.7892523288988"
"4033","24868","25131","18.7892523288988"
"4034","24868","25132","18.7892523288988"
"4035","24263","25133","57.809146998917"
"4036","25038","25134","5.80864152872505"
"4037","24514","25139","44.6504605424723"
"4038","24514","25140","44.6504605424723"
"4039","25037","25142","6.44093351535525"
"4040","24603","25147","38.6351049639363"
"4041","24603","25148","38.6351049639363"
"4042","24603","25149","38.6351049639363"
"4043","24603","25150","38.6351049639363"
"4044","24603","25151","38.6351049639363"
"4045","24278","25152","57.6185265539787"
"4046","24278","25153","57.6185265539787"
"4047","24137","25154","65.830149344034"
"4048","25006","25156","10.5324114508437"
"4049","25006","25157","10.5324114508437"
"4050","25006","25158","10.5324114508437"
"4051","24840","25159","22.3414448461044"
"4052","25016","25160","9.62533292670992"
"4053","24803","25161","24.2975527788712"
"4054","24803","25162","24.2975527788712"
"4055","24450","25163","49.1469421783549"
"4056","24450","25164","49.1469421783549"
"4057","24450","25165","49.1469421783549"
"4058","25086","25166","4.36635826533779"
"4059","25086","25167","4.36635826533779"
"4060","25086","25168","4.36635826533779"
"4061","25086","25169","4.36635826533779"
"4062","24089","25173","69.278889276241"
"4063","24089","25174","69.278889276241"
"4064","25036","25178","8.71081269534534"
"4065","25036","25179","8.71081269534534"
"4066","25036","25180","8.71081269534534"
"4067","25036","25181","8.71081269534534"
"4068","24951","25182","15.2994889897736"
"4069","25066","25187","6.6635486805294"
"4070","24515","25190","47.339878637207"
"4071","24209","25196","63.8067217212588"
"4072","24777","25197","28.8139263753417"
"4073","24777","25198","28.8139263753417"
"4074","24777","25199","28.8139263753417"
"4075","24811","25200","25.828841812217"
"4076","24811","25201","25.828841812217"
"4077","24651","25205","38.2458506848436"
"4078","25139","25207","4.37359552226258"
"4079","24736","25212","33.7160852477946"
"4080","24966","25214","17.062903998413"
"4081","24966","25215","17.062903998413"
"4082","25108","25238","6.91577136626529"
"4083","25150","25247","5.70062889676501"
"4084","25150","25248","5.70062889676501"
"4085","25150","25249","5.70062889676501"
"4086","25178","25253","4.30117888693394"
"4087","25178","25254","4.30117888693394"
"4088","25190","25263","3.82186271810224"
"4089","25091","25278","10.0136637611131"
"4090","24652","25282","41.6738520695444"
"4091","24652","25283","41.6738520695444"
"4092","25094","25284","9.92920674697393"
"4093","25094","25285","9.92920674697393"
"4094","24778","25287","33.0010485332959"
"4095","24778","25288","33.0010485332959"
"4096","24778","25289","33.0010485332959"
"4097","24778","25290","33.0010485332959"
"4098","24778","25291","33.0010485332959"
"4099","24991","25292","18.0878314624074"
"4100","25179","25300","5.9595875626901"
"4101","25179","25301","5.9595875626901"
"4102","25110","25302","9.13905491962191"
"4103","25110","25303","9.13905491962191"
"4104","25110","25304","9.13905491962191"
"4105","24881","25305","26.731777419508"
"4106","24750","25306","35.6437096508284"
"4107","24750","25307","35.6437096508284"
"4108","24750","25308","35.6437096508284"
"4109","24750","25309","35.6437096508284"
"4110","24967","25310","20.4804727636229"
"4111","24967","25311","20.4804727636229"
"4112","25032","25312","15.0384854041699"
"4113","25012","25318","17.425116720842"
"4114","25012","25319","17.425116720842"
"4115","25012","25320","17.425116720842"
"4116","25012","25321","17.425116720842"
"4117","25012","25322","17.425116720842"
"4118","25012","25323","17.425116720842"
"4119","25197","25329","5.8229630589035"
"4120","25197","25330","5.8229630589035"
"4121","24590","25337","48.7118700045539"
"4122","24590","25338","48.7118700045539"
"4123","24590","25339","48.7118700045539"
"4124","24590","25340","48.7118700045539"
"4125","25309","25341","1.83891386369214"
"4126","24958","25342","22.942142001516"
"4127","24797","25347","34.364568091087"
"4128","24797","25348","34.364568091087"
"4129","25212","25353","6.06610469881502"
"4130","25212","25354","6.06610469881502"
"4131","25015","25355","19.1299283068884"
"4132","25015","25356","19.1299283068884"
"4133","25015","25357","19.1299283068884"
"4134","25015","25358","19.1299283068884"
"4135","25015","25359","19.1299283068884"
"4136","25015","25360","19.1299283068884"
"4137","25082","25370","14.564166686306"
"4138","25082","25371","14.564166686306"
"4139","25082","25372","14.564166686306"
"4140","25082","25373","14.564166686306"
"4141","25082","25374","14.564166686306"
"4142","24867","25375","30.75438521213"
"4143","24867","25376","30.75438521213"
"4144","25287","25381","4.39388512450591"
"4145","25131","25399","13.2890671714574"
"4146","25305","25401","4.54313238352233"
"4147","25300","25402","4.80451003840471"
"4148","25300","25403","4.80451003840471"
"4149","25300","25404","4.80451003840471"
"4150","25154","25405","12.213428375188"
"4151","25072","25407","17.0629607573196"
"4152","24964","25409","25.7006747308828"
"4153","25059","25412","18.7607192184785"
"4154","25168","25413","12.4317755216061"
"4155","25168","25414","12.4317755216061"
"4156","24562","25419","55.5492297363785"
"4157","25081","25425","17.7123699448"
"4158","25081","25426","17.7123699448"
"4159","25215","25428","10.2295093037717"
"4160","25167","25430","13.7752650454299"
"4161","25167","25431","13.7752650454299"
"4162","25165","25432","13.8486080701127"
"4163","25165","25433","13.8486080701127"
"4164","24830","25435","37.1269116544149"
"4165","24915","25439","32.0598700351147"
"4166","25201","25440","12.4651145487596"
"4167","25106","25441","18.1659054083277"
"4168","25133","25442","16.7498285723757"
"4169","25200","25443","12.8515187522901"
"4170","25200","25444","12.8515187522901"
"4171","25153","25445","16.0601989472184"
"4172","25153","25446","16.0601989472184"
"4173","25153","25447","16.0601989472184"
"4174","24970","25452","29.1720063757984"
"4175","25319","25457","8.58699177465087"
"4176","24713","25470","49.6503025426778"
"4177","24713","25471","49.6503025426778"
"4178","24027","25472","90.0367899197156"
"4179","25095","25473","21.2474671934795"
"4180","25095","25474","21.2474671934795"
"4181","25095","25475","21.2474671934795"
"4182","25409","25476","5.59349292973002"
"4183","25166","25480","17.9959723739821"
"4184","25166","25481","17.9959723739821"
"4185","25042","25491","25.891727682161"
"4186","25052","25492","25.6027471104278"
"4187","25288","25496","12.6083237588425"
"4188","25288","25497","12.6083237588425"
"4189","25288","25498","12.6083237588425"
"4190","25288","25499","12.6083237588425"
"4191","25288","25500","12.6083237588425"
"4192","25288","25501","12.6083237588425"
"4193","25248","25502","14.4479044365253"
"4194","25248","25503","14.4479044365253"
"4195","25248","25504","14.4479044365253"
"4196","25353","25505","9.88007217088011"
"4197","25353","25506","9.88007217088011"
"4198","25353","25507","9.88007217088011"
"4199","25214","25508","16.0218615166179"
"4200","24152","25512","84.7419578130448"
"4201","25308","25517","12.6922779503977"
"4202","25056","25519","26.1395017802554"
"4203","24658","25520","54.7595288229418"
"4204","24658","25521","54.7595288229418"
"4205","25446","25523","5.03432458575912"
"4206","25033","25526","28.9934348153588"
"4207","25033","25527","28.9934348153588"
"4208","25033","25528","28.9934348153588"
"4209","25033","25529","28.9934348153588"
"4210","25033","25530","28.9934348153588"
"4211","25033","25531","28.9934348153588"
"4212","24529","25537","65.9769819603387"
"4213","24529","25538","65.9769819603387"
"4214","24529","25539","65.9769819603387"
"4215","24796","25540","46.8800534034103"
"4216","25473","25544","4.32789782470036"
"4217","25473","25545","4.32789782470036"
"4218","25164","25546","21.8130448789966"
"4219","25337","25552","13.9197756314204"
"4220","24495","25569","70.0581306039244"
"4221","24534","25572","68.4416548332758"
"4222","24968","25573","37.2839246114754"
"4223","25425","25574","10.7197233132636"
"4224","25530","25576","3.54043488862567"
"4225","25017","25580","34.8384014715787"
"4226","25017","25581","34.8384014715787"
"4227","25120","25584","28.0432681501893"
"4228","25062","25585","31.9211581892621"
"4229","25062","25586","31.9211581892621"
"4230","25062","25587","31.9211581892621"
"4231","25403","25588","14.5390903937907"
"4232","25442","25590","11.1641637578052"
"4233","25093","25591","30.0981196694058"
"4234","25339","25594","17.7159563646642"
"4235","25339","25595","17.7159563646642"
"4236","25089","25596","30.7095773611752"
"4237","25089","25597","30.7095773611752"
"4238","25089","25598","30.7095773611752"
"4239","25174","25610","27.7406889594522"
"4240","25174","25611","27.7406889594522"
"4241","25470","25612","10.5926473927518"
"4242","25470","25613","10.5926473927518"
"4243","25356","25614","18.7551069977239"
"4244","25356","25615","18.7551069977239"
"4245","23778","25620","115.578015433194"
"4246","23778","25621","115.578015433194"
"4247","25444","25622","13.5788767896556"
"4248","25521","25623","8.87608373919693"
"4249","25301","25625","22.1715775845516"
"4250","25329","25626","21.0068195379747"
"4251","25329","25627","21.0068195379747"
"4252","25428","25637","15.8860377895307"
"4253","25428","25638","15.8860377895307"
"4254","25428","25639","15.8860377895307"
"4255","25375","25640","19.4653720378465"
"4256","25034","25647","38.2940322448019"
"4257","24852","25651","52.1291311555658"
"4258","24852","25652","52.1291311555658"
"4259","25053","25653","37.639817662485"
"4260","24767","25658","58.5962052827992"
"4261","24906","25660","48.5682682235904"
"4262","24906","25661","48.5682682235904"
"4263","24906","25662","48.5682682235904"
"4264","25129","25672","33.3381798297189"
"4265","25283","25677","25.4521895956543"
"4266","25529","25679","10.9467755384383"
"4267","25435","25683","18.5454262482726"
"4268","25653","25685","2.28427124381687"
"4269","25372","25686","23.1429796112232"
"4270","25372","25687","23.1429796112232"
"4271","25372","25688","23.1429796112232"
"4272","25622","25691","5.19513584489391"
"4273","25622","25692","5.19513584489391"
"4274","25626","25694","5.05395039162886"
"4275","25626","25695","5.05395039162886"
"4276","25626","25696","5.05395039162886"
"4277","25426","25702","20.8421582369638"
"4278","25452","25705","19.0036179475007"
"4279","25452","25706","19.0036179475007"
"4280","25452","25707","19.0036179475007"
"4281","25452","25708","19.0036179475007"
"4282","25595","25721","9.07423440260686"
"4283","25595","25722","9.07423440260686"
"4284","25173","25723","35.3458285936263"
"4285","25338","25724","26.9733351903114"
"4286","25338","25725","26.9733351903114"
"4287","25338","25726","26.9733351903114"
"4288","25338","25727","26.9733351903114"
"4289","24844","25728","57.6416506003047"
"4290","24844","25729","57.6416506003047"
"4291","25290","25730","29.450173621133"
"4292","25623","25731","7.44200261505466"
"4293","25639","25732","6.7001878606311"
"4294","25621","25733","7.72850403556117"
"4295","25621","25734","7.72850403556117"
"4296","25249","25735","31.9018104296749"
"4297","25249","25736","31.9018104296749"
"4298","25370","25737","26.4897011443068"
"4299","25445","25738","21.4086610446159"
"4300","25445","25739","21.4086610446159"
"4301","25445","25740","21.4086610446159"
"4302","25658","25741","6.12146158204769"
"4303","25658","25742","6.12146158204769"
"4304","25404","25745","25.7130521982951"
"4305","25404","25746","25.7130521982951"
"4306","25404","25747","25.7130521982951"
"4307","25404","25748","25.7130521982951"
"4308","24865","25749","58.2452248946033"
"4309","24865","25750","58.2452248946033"
"4310","25263","25754","32.226995368794"
"4311","25238","25755","33.7823542870335"
"4312","25691","25756","4.21992372197474"
"4313","25612","25757","10.0051181645274"
"4314","25158","25762","39.1559079625392"
"4315","25686","25763","5.83048373292718"
"4316","25340","25764","30.354826722973"
"4317","25447","25765","23.8833865284287"
"4318","25291","25772","33.0341009485903"
"4319","25480","25773","21.3777658016115"
"4320","25480","25774","21.3777658016115"
"4321","25591","25777","13.5171163388659"
"4322","25733","25785","4.26769043795139"
"4323","25733","25786","4.26769043795139"
"4324","25148","25789","42.1474513032429"
"4325","24866","25795","62.894626868816"
"4326","24866","25796","62.894626868816"
"4327","25738","25797","5.45653430105563"
"4328","25312","25798","35.032874956464"
"4329","25597","25804","16.1537086248902"
"4330","25597","25805","16.1537086248902"
"4331","25597","25806","16.1537086248902"
"4332","25597","25807","16.1537086248902"
"4333","25597","25808","16.1537086248902"
"4334","25627","25823","14.9248972593082"
"4335","25627","25824","14.9248972593082"
"4336","25627","25825","14.9248972593082"
"4337","25755","25826","5.97310214571303"
"4338","25755","25827","5.97310214571303"
"4339","25755","25828","5.97310214571303"
"4340","25755","25829","5.97310214571303"
"4341","25725","25830","8.5733592062104"
"4342","25574","25831","20.5966238870831"
"4343","25723","25832","9.01982263306013"
"4344","25723","25833","9.01982263306013"
"4345","25731","25834","8.72576569283751"
"4346","25731","25835","8.72576569283751"
"4347","25540","25837","23.452749261201"
"4348","25540","25838","23.452749261201"
"4349","25540","25839","23.452749261201"
"4350","25517","25840","25.4090135347369"
"4351","25321","25842","37.6413831394266"
"4352","25401","25843","33.8622146914274"
"4353","24936","25844","61.9617874072155"
"4354","25142","25845","46.7452389635687"
"4355","25142","25846","46.7452389635687"
"4356","25142","25847","46.7452389635687"
"4357","25662","25849","14.7535338427638"
"4358","25662","25850","14.7535338427638"
"4359","25662","25851","14.7535338427638"
"4360","25342","25852","36.9502553394934"
"4361","25471","25853","28.7113543766009"
"4362","25471","25854","28.7113543766009"
"4363","25471","25855","28.7113543766009"
"4364","25399","25856","34.79616209558"
"4365","25798","25858","4.27585693643255"
"4366","25736","25862","9.88253059195608"
"4367","25736","25863","9.88253059195608"
"4368","25736","25864","9.88253059195608"
"4369","25528","25865","25.5646905674248"
"4370","25528","25866","25.5646905674248"
"4371","25528","25867","25.5646905674248"
"4372","25746","25868","9.56210976767466"
"4373","25306","25869","39.9495338262907"
"4374","25306","25870","39.9495338262907"
"4375","25306","25871","39.9495338262907"
"4376","24732","25872","77.6192355647456"
"4377","24732","25873","77.6192355647456"
"4378","24732","25874","77.6192355647456"
"4379","25587","25875","21.3176578155121"
"4380","25503","25876","28.6421131640382"
"4381","25503","25877","28.6421131640382"
"4382","25503","25878","28.6421131640382"
"4383","25374","25879","37.7021069724481"
"4384","25374","25880","37.7021069724481"
"4385","25205","25882","45.1002924334975"
"4386","25640","25883","18.389910361595"
"4387","25594","25886","21.8282195151196"
"4388","25594","25887","21.8282195151196"
"4389","25727","25888","12.5947013531568"
"4390","25508","25889","29.1594838997487"
"4391","25508","25890","29.1594838997487"
"4392","25508","25891","29.1594838997487"
"4393","25508","25892","29.1594838997487"
"4394","25739","25893","12.0495192954127"
"4395","25739","25894","12.0495192954127"
"4396","25739","25895","12.0495192954127"
"4397","25739","25896","12.0495192954127"
"4398","25739","25897","12.0495192954127"
"4399","25739","25898","12.0495192954127"
"4400","25431","25900","35.11090719806"
"4401","25431","25901","35.11090719806"
"4402","25431","25902","35.11090719806"
"4403","25844","25911","4.05726643577418"
"4404","25652","25913","19.2069363524063"
"4405","25002","25914","60.8404578591408"
"4406","25827","25923","7.17118392720636"
"4407","25748","25928","14.191419363907"
"4408","25748","25929","14.191419363907"
"4409","25748","25930","14.191419363907"
"4410","25757","25933","13.5754811933973"
"4411","25772","25934","12.3375635429288"
"4412","25672","25935","20.5958691687763"
"4413","25672","25936","20.5958691687763"
"4414","25672","25937","20.5958691687763"
"4415","25672","25938","20.5958691687763"
"4416","25672","25939","20.5958691687763"
"4417","25672","25940","20.5958691687763"
"4418","25898","25943","3.49725103588821"
"4419","25898","25944","3.49725103588821"
"4420","25537","25945","30.8292268220737"
"4421","25537","25946","30.8292268220737"
"4422","25539","25948","31.0523622521339"
"4423","25539","25949","31.0523622521339"
"4424","25539","25950","31.0523622521339"
"4425","25539","25951","31.0523622521339"
"4426","25419","25952","39.3153855587407"
"4427","25419","25953","39.3153855587407"
"4428","25419","25954","39.3153855587407"
"4429","25419","25955","39.3153855587407"
"4430","25835","25956","7.61801815439526"
"4431","25835","25957","7.61801815439526"
"4432","25835","25958","7.61801815439526"
"4433","25835","25959","7.61801815439526"
"4434","25835","25960","7.61801815439526"
"4435","25381","25961","41.8193074777469"
"4436","25614","25962","25.0645976081641"
"4437","25614","25963","25.0645976081641"
"4438","25705","25964","18.5471755762017"
"4439","25883","25967","5.69068846525988"
"4440","25871","25974","7.58893749685831"
"4441","25855","25978","8.32931652858883"
"4442","25902","25983","6.03652099538249"
"4443","25829","25984","11.2946604645874"
"4444","25647","25985","24.8971863766292"
"4445","25647","25986","24.8971863766292"
"4446","25613","25987","27.3646669810284"
"4447","25613","25988","27.3646669810284"
"4448","25613","25989","27.3646669810284"
"4449","25613","25990","27.3646669810284"
"4450","25613","25991","27.3646669810284"
"4451","25613","25992","27.3646669810284"
"4452","25613","25993","27.3646669810284"
"4453","25613","25994","27.3646669810284"
"4454","25613","25995","27.3646669810284"
"4455","25613","25996","27.3646669810284"
"4456","25613","25997","27.3646669810284"
"4457","25613","25998","27.3646669810284"
"4458","25588","26000","29.7150660218256"
"4459","25588","26001","29.7150660218256"
"4460","25588","26002","29.7150660218256"
"4461","25588","26003","29.7150660218256"
"4462","25872","26005","8.732033009014"
"4463","25872","26006","8.732033009014"
"4464","25872","26007","8.732033009014"
"4465","25651","26008","25.3757979250304"
"4466","25651","26009","25.3757979250304"
"4467","25651","26010","25.3757979250304"
"4468","25651","26011","25.3757979250304"
"4469","25651","26012","25.3757979250304"
"4470","25957","26013","3.94242465445018"
"4471","25957","26014","3.94242465445018"
"4472","25441","26015","41.5800641943813"
"4473","25441","26016","41.5800641943813"
"4474","25441","26017","41.5800641943813"
"4475","25441","26018","41.5800641943813"
"4476","25441","26019","41.5800641943813"
"4477","25441","26020","41.5800641943813"
"4478","25596","26021","29.8932151333308"
"4479","25596","26022","29.8932151333308"
"4480","25596","26023","29.8932151333308"
"4481","25596","26024","29.8932151333308"
"4482","25936","26033","5.23009275362119"
"4483","25747","26034","19.8529778525653"
"4484","25747","26035","19.8529778525653"
"4485","25638","26037","27.8004083666669"
"4486","25638","26038","27.8004083666669"
"4487","25826","26039","13.6984254606023"
"4488","25826","26040","13.6984254606023"
"4489","25826","26041","13.6984254606023"
"4490","25580","26043","32.8673998231286"
"4491","25722","26045","22.7557543316125"
"4492","25851","26050","12.8964362396518"
"4493","25851","26051","12.8964362396518"
"4494","25851","26052","12.8964362396518"
"4495","25875","26057","11.6084800300682"
"4496","25777","26065","19.3474999264918"
"4497","25354","26066","49.7362302770898"
"4498","25354","26067","49.7362302770898"
"4499","25354","26068","49.7362302770898"
"4500","25354","26069","49.7362302770898"
"4501","24441","26076","108.498582814972"
"4502","24441","26077","108.498582814972"
"4503","24441","26078","108.498582814972"
"4504","24441","26079","108.498582814972"
"4505","25685","26081","26.4174958404428"
"4506","25685","26082","26.4174958404428"
"4507","25685","26083","26.4174958404428"
"4508","25754","26088","22.2884899394078"
"4509","25954","26090","7.6159846756666"
"4510","25954","26091","7.6159846756666"
"4511","25944","26096","8.04716345197949"
"4512","25944","26097","8.04716345197949"
"4513","25944","26098","8.04716345197949"
"4514","25873","26108","13.7531810423595"
"4515","25873","26109","13.7531810423595"
"4516","25873","26110","13.7531810423595"
"4517","25873","26111","13.7531810423595"
"4518","25873","26112","13.7531810423595"
"4519","25873","26113","13.7531810423595"
"4520","25774","26114","21.7006416230254"
"4521","25935","26116","9.59289737708013"
"4522","25935","26117","9.59289737708013"
"4523","25964","26125","8.39784974925669"
"4524","25894","26126","13.0851755532026"
"4525","25959","26128","9.2614874754056"
"4526","25959","26129","9.2614874754056"
"4527","25923","26130","10.7195628194565"
"4528","25874","26131","14.6814447198901"
"4529","25886","26138","13.7186456909212"
"4530","25886","26139","13.7186456909212"
"4531","25830","26140","17.8292159730277"
"4532","25830","26141","17.8292159730277"
"4533","25830","26142","17.8292159730277"
"4534","25830","26143","17.8292159730277"
"4535","25876","26144","14.4293545671856"
"4536","25162","26146","62.2446446688639"
"4537","25804","26147","19.5583736071744"
"4538","25688","26148","29.312834632115"
"4539","25688","26149","29.312834632115"
"4540","25756","26150","24.553888082914"
"4541","25889","26151","14.3242263823959"
"4542","25497","26152","44.0187122478858"
"4543","25497","26153","44.0187122478858"
"4544","25958","26154","10.6293664061277"
"4545","25584","26157","37.6045937520332"
"4546","25823","26158","19.6677226381516"
"4547","25865","26164","18.0127415430186"
"4548","25865","26165","18.0127415430186"
"4549","25990","26168","9.33629265409468"
"4550","25990","26169","9.33629265409468"
"4551","25990","26170","9.33629265409468"
"4552","25877","26171","17.1047016655693"
"4553","25877","26172","17.1047016655693"
"4554","25877","26173","17.1047016655693"
"4555","25845","26174","19.2902328333314"
"4556","25302","26180","58.3828118154599"
"4557","25901","26181","16.2470910361913"
"4558","25901","26182","16.2470910361913"
"4559","25914","26187","15.9543476142007"
"4560","25914","26188","15.9543476142007"
"4561","25914","26189","15.9543476142007"
"4562","25914","26190","15.9543476142007"
"4563","25846","26191","20.6689189084902"
"4564","25846","26192","20.6689189084902"
"4565","25846","26193","20.6689189084902"
"4566","26125","26194","4.6351200610336"
"4567","26125","26195","4.6351200610336"
"4568","26125","26196","4.6351200610336"
"4569","26125","26197","4.6351200610336"
"4570","26125","26198","4.6351200610336"
"4571","26038","26201","9.05798023419197"
"4572","26038","26202","9.05798023419197"
"4573","26038","26203","9.05798023419197"
"4574","26038","26204","9.05798023419197"
"4575","25687","26215","34.2473308395379"
"4576","25687","26216","34.2473308395379"
"4577","25854","26219","21.6682560251011"
"4578","26143","26220","6.00097836823352"
"4579","25773","26227","29.2486641592689"
"4580","25773","26228","29.2486641592689"
"4581","25773","26229","29.2486641592689"
"4582","26128","26230","7.096301740748"
"4583","25890","26232","20.4518774207663"
"4584","25796","26236","27.0879799937081"
"4585","25988","26237","13.6613355729091"
"4586","25988","26238","13.6613355729091"
"4587","25457","26239","52.9167190693522"
"4588","25998","26240","13.789650704683"
"4589","25824","26241","25.5638886589966"
"4590","25824","26242","25.5638886589966"
"4591","25824","26243","25.5638886589966"
"4592","25824","26244","25.5638886589966"
"4593","26068","26245","10.6055412401006"
"4594","25661","26247","38.7450587601497"
"4595","24957","26248","84.0459166559281"
"4596","24957","26249","84.0459166559281"
"4597","24957","26250","84.0459166559281"
"4598","24957","26251","84.0459166559281"
"4599","24957","26252","84.0459166559281"
"4600","25797","26253","28.0694001907661"
"4601","25887","26254","21.9019023719286"
"4602","25660","26256","39.2381457068118"
"4603","26182","26257","5.04720889431542"
"4604","25870","26265","24.0386577950499"
"4605","26171","26266","6.10539436662975"
"4606","25853","26267","24.7798471199599"
"4607","24702","26275","104.537083698962"
"4608","24702","26276","104.537083698962"
"4609","24702","26277","104.537083698962"
"4610","24702","26278","104.537083698962"
"4611","24702","26279","104.537083698962"
"4612","25806","26280","28.8727438303954"
"4613","25806","26281","28.8727438303954"
"4614","26142","26282","9.6532383895601"
"4615","25358","26287","62.6200269743629"
"4616","25358","26288","62.6200269743629"
"4617","26011","26289","16.0466261721219"
"4618","26011","26290","16.0466261721219"
"4619","24798","26291","96.9733601303888"
"4620","24798","26292","96.9733601303888"
"4621","25946","26293","20.2156153573574"
"4622","25946","26294","20.2156153573574"
"4623","25611","26296","44.442206620412"
"4624","25611","26297","44.442206620412"
"4625","25611","26298","44.442206620412"
"4626","24527","26299","117.37325379262"
"4627","25499","26300","53.748245022229"
"4628","25499","26301","53.748245022229"
"4629","25499","26302","53.748245022229"
"4630","25996","26311","17.9830021886341"
"4631","25996","26312","17.9830021886341"
"4632","26090","26314","13.6909858881988"
"4633","26090","26315","13.6909858881988"
"4634","26045","26317","15.572151861367"
"4635","26045","26318","15.572151861367"
"4636","26045","26319","15.572151861367"
"4637","26045","26320","15.572151861367"
"4638","26002","26321","18.1320950508268"
"4639","26002","26322","18.1320950508268"
"4640","26002","26323","18.1320950508268"
"4641","26153","26331","11.1591058331835"
"4642","26065","26336","15.5309665813802"
"4643","26065","26337","15.5309665813802"
"4644","26065","26338","15.5309665813802"
"4645","25839","26339","29.6461163742033"
"4646","25187","26340","73.2584355325521"
"4647","25187","26341","73.2584355325521"
"4648","25187","26342","73.2584355325521"
"4649","25868","26343","28.1576328058704"
"4650","25868","26344","28.1576328058704"
"4651","25795","26345","32.9698915119209"
"4652","25795","26346","32.9698915119209"
"4653","25795","26347","32.9698915119209"
"4654","25795","26348","32.9698915119209"
"4655","25472","26349","57.6173184247325"
"4656","26216","26350","7.69011348453273"
"4657","26216","26351","7.69011348453273"
"4658","26249","26354","5.73541306888205"
"4659","25891","26355","27.1709252748619"
"4660","25891","26356","27.1709252748619"
"4661","25891","26357","27.1709252748619"
"4662","25891","26358","27.1709252748619"
"4663","25891","26359","27.1709252748619"
"4664","25891","26360","27.1709252748619"
"4665","26109","26362","15.1967281811403"
"4666","26014","26363","19.7079201247163"
"4667","26189","26364","10.1813480299627"
"4668","26189","26365","10.1813480299627"
"4669","26189","26366","10.1813480299627"
"4670","26189","26367","10.1813480299627"
"4671","26189","26368","10.1813480299627"
"4672","25843","26374","31.1824053126334"
"4673","25161","26376","76.7014645392492"
"4674","25527","26377","55.7657502094298"
"4675","26250","26381","7.0495428007805"
"4676","26250","26382","7.0495428007805"
"4677","26250","26383","7.0495428007805"
"4678","26250","26384","7.0495428007805"
"4679","25950","26385","24.6831518431622"
"4680","25950","26386","24.6831518431622"
"4681","25950","26387","24.6831518431622"
"4682","25950","26388","24.6831518431622"
"4683","25950","26389","24.6831518431622"
"4684","26035","26392","20.2094546082169"
"4685","26035","26393","20.2094546082169"
"4686","25786","26394","36.8622035349995"
"4687","26040","26397","20.0873910235612"
"4688","25762","26402","38.8933421565409"
"4689","25762","26403","38.8933421565409"
"4690","25762","26404","38.8933421565409"
"4691","26319","26405","4.1495526378817"
"4692","26344","26406","3.18100033980386"
"4693","26344","26407","3.18100033980386"
"4694","25993","26408","22.7252955114589"
"4695","25993","26409","22.7252955114589"
"4696","26198","26414","12.1231058670051"
"4697","26198","26415","12.1231058670051"
"4698","26294","26416","6.13412559987751"
"4699","26112","26417","17.8371390141795"
"4700","26202","26418","12.3779844406833"
"4701","25831","26419","34.2728847413021"
"4702","25831","26420","34.2728847413021"
"4703","26275","26421","7.18894967462734"
"4704","26150","26422","16.4049346749432"
"4705","26150","26423","16.4049346749432"
"4706","26154","26424","16.4485714512125"
"4707","26322","26428","5.98752363978224"
"4708","26076","26429","20.9985745237871"
"4709","26301","26430","7.66915257261553"
"4710","25991","26435","25.1128676952212"
"4711","26346","26436","5.76051802954976"
"4712","26368","26439","4.77406424790161"
"4713","26368","26440","4.77406424790161"
"4714","26298","26441","8.77929579053898"
"4715","26298","26442","8.77929579053898"
"4716","26298","26443","8.77929579053898"
"4717","26298","26444","8.77929579053898"
"4718","26317","26445","7.54030721320783"
"4719","25892","26446","33.0009867041736"
"4720","25373","26451","71.9812403785897"
"4721","25590","26452","55.9224219808577"
"4722","26081","26453","22.7865067952705"
"4723","26081","26454","22.7865067952705"
"4724","26364","26455","5.95912048360583"
"4725","26364","26456","5.95912048360583"
"4726","26116","26457","20.6874222245965"
"4727","26363","26458","6.04558597144"
"4728","26174","26464","17.6651210326745"
"4729","25974","26470","28.2994258790213"
"4730","25963","26471","29.8921154149282"
"4731","26126","26472","21.4664339405258"
"4732","25985","26473","28.0197354044337"
"4733","25985","26474","28.0197354044337"
"4734","25764","26478","44.4765539891375"
"4735","25764","26479","44.4765539891375"
"4736","26296","26484","11.6429736533223"
"4737","26203","26485","17.6545533039678"
"4738","26203","26486","17.6545533039678"
"4739","25952","26487","31.9117842362423"
"4740","25952","26488","31.9117842362423"
"4741","26015","26495","28.1697240071605"
"4742","26312","26497","11.4275353112498"
"4743","26312","26498","11.4275353112498"
"4744","26312","26499","11.4275353112498"
"4745","26312","26500","11.4275353112498"
"4746","26312","26501","11.4275353112498"
"4747","26312","26502","11.4275353112498"
"4748","26098","26503","25.0412413430602"
"4749","26098","26504","25.0412413430602"
"4750","26383","26507","8.5050314793541"
"4751","26079","26508","26.5015868080868"
"4752","26079","26509","26.5015868080868"
"4753","26280","26510","14.0294440327641"
"4754","26280","26511","14.0294440327641"
"4755","26005","26515","30.0766990159427"
"4756","26005","26516","30.0766990159427"
"4757","25282","26519","80.000943980592"
"4758","25282","26520","80.000943980592"
"4759","25134","26523","88.2085515840888"
"4760","26320","26524","13.0050065279343"
"4761","26394","26525","9.48478568548671"
"4762","26394","26526","9.48478568548671"
"4763","26394","26527","9.48478568548671"
"4764","26394","26528","9.48478568548671"
"4765","26394","26529","9.48478568548671"
"4766","25156","26530","87.089214525764"
"4767","26228","26532","18.3225480872188"
"4768","26228","26533","18.3225480872188"
"4769","26384","26534","10.0640838600109"
"4770","26384","26535","10.0640838600109"
"4771","26238","26539","18.3184907479872"
"4772","26196","26540","21.2359416886209"
"4773","26117","26541","26.1266394202978"
"4774","26243","26542","18.1914931261356"
"4775","26243","26543","18.1914931261356"
"4776","26252","26544","17.7057930415922"
"4777","26252","26545","17.7057930415922"
"4778","26252","26546","17.7057930415922"
"4779","26252","26547","17.7057930415922"
"4780","26252","26548","17.7057930415922"
"4781","26252","26549","17.7057930415922"
"4782","25303","26555","81.1523923220063"
"4783","25303","26556","81.1523923220063"
"4784","25303","26557","81.1523923220063"
"4785","26358","26558","12.5028803378145"
"4786","26358","26559","12.5028803378145"
"4787","26358","26560","12.5028803378145"
"4788","25585","26568","62.5957127281849"
"4789","25585","26569","62.5957127281849"
"4790","26464","26570","6.03691882964063"
"4791","26464","26571","6.03691882964063"
"4792","26172","26572","24.010529419854"
"4793","26172","26573","24.010529419854"
"4794","26172","26574","24.010529419854"
"4795","26376","26575","12.2309779325815"
"4796","26376","26576","12.2309779325815"
"4797","26229","26579","20.5395704544114"
"4798","26022","26589","33.4319661644749"
"4799","26232","26593","21.2570305527156"
"4800","26403","26594","12.4842346051134"
"4801","26525","26596","3.9019441613782"
"4802","26525","26597","3.9019441613782"
"4803","26439","26599","10.0891001060629"
"4804","26439","26600","10.0891001060629"
"4805","26439","26601","10.0891001060629"
"4806","26439","26602","10.0891001060629"
"4807","26439","26603","10.0891001060629"
"4808","26331","26617","17.8623358700565"
"4809","26331","26618","17.8623358700565"
"4810","25992","26619","36.5561447630112"
"4811","25992","26620","36.5561447630112"
"4812","25992","26621","36.5561447630112"
"4813","25992","26622","36.5561447630112"
"4814","25992","26623","36.5561447630112"
"4815","26507","26624","6.89944674285152"
"4816","26507","26625","6.89944674285152"
"4817","26507","26626","6.89944674285152"
"4818","26452","26632","10.5068388038469"
"4819","26539","26633","5.16204715622212"
"4820","26540","26634","5.09774278935515"
"4821","26144","26641","30.6592513470687"
"4822","26144","26642","30.6592513470687"
"4823","26144","26643","30.6592513470687"
"4824","26144","26644","30.6592513470687"
"4825","26144","26645","30.6592513470687"
"4826","26144","26646","30.6592513470687"
"4827","25984","26648","37.8603509547629"
"4828","25984","26649","37.8603509547629"
"4829","25984","26650","37.8603509547629"
"4830","26019","26655","36.6334779571109"
"4831","26019","26656","36.6334779571109"
"4832","26337","26660","18.6498227915913"
"4833","26444","26661","12.0258720378099"
"4834","26278","26662","21.5614262864133"
"4835","26278","26663","21.5614262864133"
"4836","26278","26664","21.5614262864133"
"4837","26278","26665","21.5614262864133"
"4838","26278","26666","21.5614262864133"
"4839","26416","26669","14.7916654121848"
"4840","26416","26670","14.7916654121848"
"4841","25837","26671","48.3948325823021"
"4842","25837","26672","48.3948325823021"
"4843","25837","26673","48.3948325823021"
"4844","25837","26674","48.3948325823021"
"4845","25837","26675","48.3948325823021"
"4846","26350","26676","18.5120549053004"
"4847","26600","26680","2.77347826927894"
"4848","26386","26684","17.2625298692706"
"4849","25987","26685","39.2445977636232"
"4850","25987","26686","39.2445977636232"
"4851","25987","26687","39.2445977636232"
"4852","26404","26688","17.0357032427273"
"4853","26404","26689","17.0357032427273"
"4854","26404","26690","17.0357032427273"
"4855","26404","26691","17.0357032427273"
"4856","26404","26692","17.0357032427273"
"4857","26392","26693","17.7501896637059"
"4858","26456","26702","13.4014605430211"
"4859","26456","26703","13.4014605430211"
"4860","26456","26704","13.4014605430211"
"4861","26456","26705","13.4014605430211"
"4862","26257","26706","25.3395326674315"
"4863","26257","26707","25.3395326674315"
"4864","26405","26711","17.762215726347"
"4865","26405","26712","17.762215726347"
"4866","26524","26713","9.01382566550728"
"4867","26001","26718","40.0628606319985"
"4868","26602","26719","4.82577550467795"
"4869","26430","26721","15.654793652735"
"4870","26430","26722","15.654793652735"
"4871","26547","26727","8.55085305551688"
"4872","26547","26728","8.55085305551688"
"4873","26547","26729","8.55085305551688"
"4874","26299","26730","23.6499760904057"
"4875","26169","26732","32.0622207604897"
"4876","26248","26738","27.0723480118299"
"4877","26248","26739","27.0723480118299"
"4878","26248","26740","27.0723480118299"
"4879","26248","26741","27.0723480118299"
"4880","26302","26743","24.6356910819468"
"4881","26318","26744","23.5927558637968"
"4882","26318","26745","23.5927558637968"
"4883","26318","26746","23.5927558637968"
"4884","26318","26747","23.5927558637968"
"4885","26318","26748","23.5927558637968"
"4886","26643","26749","4.62104360009698"
"4887","26643","26750","4.62104360009698"
"4888","25498","26751","78.6608636528738"
"4889","25498","26752","78.6608636528738"
"4890","25498","26753","78.6608636528738"
"4891","26146","26755","35.4135632084549"
"4892","26381","26758","21.3746822703745"
"4893","26381","26759","21.3746822703745"
"4894","26381","26760","21.3746822703745"
"4895","26374","26761","21.9592981880521"
"4896","26374","26762","21.9592981880521"
"4897","26527","26764","11.609187605633"
"4898","26323","26769","25.0027895053931"
"4899","25929","26772","47.5193458363497"
"4900","25929","26773","47.5193458363497"
"4901","26676","26777","6.27291455977115"
"4902","26676","26778","6.27291455977115"
"4903","26676","26779","6.27291455977115"
"4904","26676","26780","6.27291455977115"
"4905","26676","26781","6.27291455977115"
"4906","26676","26782","6.27291455977115"
"4907","26620","26783","8.13626956070198"
"4908","26377","26785","23.5679776076281"
"4909","26421","26786","21.490593586974"
"4910","26508","26789","14.8025236592368"
"4911","26509","26790","14.8131777231836"
"4912","26509","26791","14.8131777231836"
"4913","26619","26793","8.75569324866046"
"4914","24563","26794","143.248432064406"
"4915","24563","26795","143.248432064406"
"4916","24563","26796","143.248432064406"
"4917","24563","26797","143.248432064406"
"4918","24563","26798","143.248432064406"
"4919","26340","26799","26.345771263723"
"4920","26745","26801","4.15827643498278"
"4921","26339","26806","27.0326605918328"
"4922","26339","26807","27.0326605918328"
"4923","26339","26808","27.0326605918328"
"4924","26339","26809","27.0326605918328"
"4925","26339","26810","27.0326605918328"
"4926","26457","26811","19.7999619605396"
"4927","26488","26812","17.8682877679239"
"4928","26549","26813","14.5790784090905"
"4929","26549","26814","14.5790784090905"
"4930","26549","26815","14.5790784090905"
"4931","26549","26816","14.5790784090905"
"4932","26549","26817","14.5790784090905"
"4933","26549","26818","14.5790784090905"
"4934","26549","26819","14.5790784090905"
"4935","26356","26820","26.4608088008795"
"4936","26560","26821","13.9945650054945"
"4937","26470","26827","19.7363034784746"
"4938","26470","26828","19.7363034784746"
"4939","26470","26829","19.7363034784746"
"4940","26470","26830","19.7363034784746"
"4941","26703","26834","7.54398036234193"
"4942","26703","26835","7.54398036234193"
"4943","26066","26836","44.0602897000697"
"4944","26066","26837","44.0602897000697"
"4945","26673","26838","9.75679768189684"
"4946","26760","26847","5.42225419262195"
"4947","26760","26848","5.42225419262195"
"4948","26760","26849","5.42225419262195"
"4949","26515","26852","17.8432755291112"
"4950","25330","26854","96.0201854370907"
"4951","25330","26855","96.0201854370907"
"4952","26722","26856","8.09279609491432"
"4953","26050","26857","45.4574153785397"
"4954","26662","26858","11.3137786106508"
"4955","26573","26859","15.7404657208644"
"4956","26451","26860","22.646679758421"
"4957","26451","26861","22.646679758421"
"4958","26451","26862","22.646679758421"
"4959","26458","26865","22.7663842196025"
"4960","26727","26866","8.88706989201751"
"4961","25834","26867","60.226122587824"
"4962","26187","26868","39.2044621347015"
"4963","26672","26869","11.9875963996244"
"4964","26672","26870","11.9875963996244"
"4965","26672","26871","11.9875963996244"
"4966","26769","26872","6.44148296243407"
"4967","26769","26873","6.44148296243407"
"4968","26345","26875","30.6235692125151"
"4969","26345","26876","30.6235692125151"
"4970","26546","26877","18.0016036534678"
"4971","26546","26878","18.0016036534678"
"4972","26546","26879","18.0016036534678"
"4973","26541","26880","18.0850308580304"
"4974","26541","26881","18.0850308580304"
"4975","26541","26882","18.0850308580304"
"4976","26541","26883","18.0850308580304"
"4977","26752","26886","8.22159254485246"
"4978","26528","26888","19.359210790798"
"4979","25967","26889","52.661274819952"
"4980","26542","26890","18.6844822596438"
"4981","26794","26893","5.62969376153228"
"4982","26794","26894","5.62969376153228"
"4983","26794","26895","5.62969376153228"
"4984","26707","26897","11.2090992274714"
"4985","26707","26898","11.2090992274714"
"4986","26828","26899","4.43365745647111"
"4987","26828","26900","4.43365745647111"
"4988","26828","26901","4.43365745647111"
"4989","26828","26902","4.43365745647111"
"4990","26656","26903","14.0066906249267"
"4991","26000","26904","51.3533090615908"
"4992","26000","26905","51.3533090615908"
"4993","24937","26906","123.711161798803"
"4994","26576","26907","18.3326498225817"
"4995","26348","26908","32.5027377777474"
"4996","26348","26909","32.5027377777474"
"4997","26393","26915","30.8712448725094"
"4998","26393","26916","30.8712448725094"
"4999","26516","26917","22.2263225059057"
"5000","26516","26918","22.2263225059057"
"5001","26516","26919","22.2263225059057"
"5002","26559","26920","19.9472758311199"
"5003","26559","26921","19.9472758311199"
"5004","26559","26922","19.9472758311199"
"5005","26559","26923","19.9472758311199"
"5006","26732","26927","11.5002928489318"
"5007","26789","26928","7.92552267253313"
"5008","26750","26929","10.9767268661842"
"5009","26750","26930","10.9767268661842"
"5010","26750","26931","10.9767268661842"
"5011","26750","26932","10.9767268661842"
"5012","26702","26933","13.1445389770274"
"5013","26702","26934","13.1445389770274"
"5014","26702","26935","13.1445389770274"
"5015","26661","26936","15.8863726692996"
"5016","26661","26937","15.8863726692996"
"5017","25376","26940","99.3108103672305"
"5018","25376","26941","99.3108103672305"
"5019","26780","26942","9.47424825308144"
"5020","26856","26944","5.36560969151537"
"5021","26817","26945","7.37879838937693"
"5022","26817","26946","7.37879838937693"
"5023","26817","26947","7.37879838937693"
"5024","26621","26948","17.7949932271688"
"5025","26621","26949","17.7949932271688"
"5026","26875","26957","4.78009247410841"
"5027","26783","26959","10.6170739263371"
"5028","26402","26964","33.1142201261432"
"5029","26402","26965","33.1142201261432"
"5030","26931","26966","2.75961548595433"
"5031","26931","26967","2.75961548595433"
"5032","26931","26968","2.75961548595433"
"5033","26758","26969","12.8826889702038"
"5034","26758","26970","12.8826889702038"
"5035","26758","26971","12.8826889702038"
"5036","26758","26972","12.8826889702038"
"5037","26889","26973","4.96602863632211"
"5038","26793","26974","10.745920005744"
"5039","26772","26975","12.5832311657718"
"5040","26871","26976","6.28643052798225"
"5041","26871","26977","6.28643052798225"
"5042","26871","26978","6.28643052798225"
"5043","26689","26983","17.3487829216335"
"5044","26689","26984","17.3487829216335"
"5045","26897","26985","5.67012043604882"
"5046","26897","26986","5.67012043604882"
"5047","26897","26987","5.67012043604882"
"5048","26907","26988","5.39900578011338"
"5049","26906","26989","5.47465741908104"
"5050","26790","26994","12.3161676732771"
"5051","26901","26998","6.13203465771107"
"5052","26809","27002","11.4906403594525"
"5053","26977","27003","2.32044174869429"
"5054","26866","27005","9.13647457503271"
"5055","26819","27008","12.3568424450864"
"5056","26819","27009","12.3568424450864"
"5057","26811","27010","12.7304627358872"
"5058","26811","27011","12.7304627358872"
"5059","26811","27012","12.7304627358872"
"5060","26811","27013","12.7304627358872"
"5061","26282","27015","43.3591342450427"
"5062","26623","27020","23.3558244055498"
"5063","26623","27021","23.3558244055498"
"5064","26623","27022","23.3558244055498"
"5065","26872","27023","10.0310569563981"
"5066","26164","27025","51.0330632997438"
"5067","26983","27027","3.36408540341267"
"5068","26739","27028","18.6703146414677"
"5069","26739","27029","18.6703146414677"
"5070","26739","27030","18.6703146414677"
"5071","26497","27031","31.0152641418476"
"5072","26854","27032","12.260666631533"
"5073","26821","27034","14.2193620858602"
"5074","26821","27035","14.2193620858602"
"5075","26944","27036","7.06279477717726"
"5076","26944","27037","7.06279477717726"
"5077","26944","27038","7.06279477717726"
"5078","26855","27041","12.689661484357"
"5079","26357","27042","40.9984400407202"
"5080","26510","27043","31.0773860984177"
"5081","26510","27044","31.0773860984177"
"5082","26743","27045","19.596227946302"
"5083","26389","27051","40.3623385970541"
"5084","26389","27052","40.3623385970541"
"5085","26495","27054","32.8912988081875"
"5086","26834","27055","14.5955384072145"
"5087","26834","27056","14.5955384072145"
"5088","26834","27057","14.5955384072145"
"5089","27022","27060","2.71729391395775"
"5090","27022","27061","2.71729391395775"
"5091","27022","27062","2.71729391395775"
"5092","27022","27063","2.71729391395775"
"5093","26921","27064","9.89337548148251"
"5094","26921","27065","9.89337548148251"
"5095","26921","27066","9.89337548148251"
"5096","26921","27067","9.89337548148251"
"5097","26867","27068","13.4351433032216"
"5098","26890","27069","12.43884678572"
"5099","26890","27070","12.43884678572"
"5100","26909","27073","11.5274339834855"
"5101","26909","27074","11.5274339834855"
"5102","26933","27075","10.358957468982"
"5103","26933","27076","10.358957468982"
"5104","26933","27077","10.358957468982"
"5105","26933","27078","10.358957468982"
"5106","26569","27080","30.95265861187"
"5107","26569","27081","30.95265861187"
"5108","26569","27082","30.95265861187"
"5109","26569","27083","30.95265861187"
"5110","26181","27084","54.3225498747488"
"5111","26568","27085","31.0934425547457"
"5112","26568","27086","31.0934425547457"
"5113","26936","27091","10.7527078329047"
"5114","26900","27092","12.9808587999776"
"5115","26900","27093","12.9808587999776"
"5116","26900","27094","12.9808587999776"
"5117","27025","27097","4.57016123724247"
"5118","26589","27098","30.1789227459772"
"5119","26818","27099","18.188991771832"
"5120","26601","27105","30.0390835237295"
"5121","26778","27112","21.3526766526916"
"5122","26778","27113","21.3526766526916"
"5123","26865","27114","16.5151531138592"
"5124","26976","27116","9.89322094045565"
"5125","26965","27117","10.5092388021321"
"5126","26935","27121","13.2624616302878"
"5127","26998","27124","9.09378073807443"
"5128","26669","27125","28.9373848423711"
"5129","26669","27126","28.9373848423711"
"5130","26674","27131","29.287514451069"
"5131","26674","27132","29.287514451069"
"5132","26674","27133","29.287514451069"
"5133","26994","27134","9.8610812705665"
"5134","26888","27135","16.5036986347786"
"5135","26888","27136","16.5036986347786"
"5136","26972","27137","11.52971876587"
"5137","26877","27145","17.7064634990065"
"5138","26895","27146","17.0610739893073"
"5139","26895","27147","17.0610739893073"
"5140","27037","27148","7.39236741803893"
"5141","26686","27149","29.2111152548059"
"5142","26006","27152","68.3545077014005"
"5143","26905","27156","17.2254705947823"
"5144","26180","27157","59.3193131267037"
"5145","27043","27159","7.88258981368904"
"5146","26849","27160","21.0886812677111"
"5147","26849","27161","21.0886812677111"
"5148","26849","27162","21.0886812677111"
"5149","26571","27164","36.257955941911"
"5150","26571","27165","36.257955941911"
"5151","26571","27166","36.257955941911"
"5152","26966","27169","14.140357663887"
"5153","26407","27170","47.2720985651429"
"5154","26407","27171","47.2720985651429"
"5155","26761","27172","27.0273114841491"
"5156","26829","27173","23.0318280450344"
"5157","26829","27174","23.0318280450344"
"5158","26829","27175","23.0318280450344"
"5159","26594","27176","35.1500160485464"
"5160","26594","27177","35.1500160485464"
"5161","26594","27178","35.1500160485464"
"5162","26594","27179","35.1500160485464"
"5163","26813","27180","23.4014410417278"
"5164","26813","27181","23.4014410417278"
"5165","26415","27186","47.2821794018362"
"5166","27085","27187","6.34270113999264"
"5167","27085","27188","6.34270113999264"
"5168","27085","27189","6.34270113999264"
"5169","26932","27192","17.6681799593359"
"5170","26932","27193","17.6681799593359"
"5171","26932","27194","17.6681799593359"
"5172","26903","27195","18.986774605246"
"5173","26360","27206","51.3494138566814"
"5174","26360","27207","51.3494138566814"
"5175","26360","27208","51.3494138566814"
"5176","27124","27209","5.1072788038116"
"5177","27124","27210","5.1072788038116"
"5178","27124","27211","5.1072788038116"
"5179","26945","27212","17.6685529911417"
"5180","26479","27213","43.8032799272203"
"5181","27032","27214","11.2600252091331"
"5182","27032","27215","11.2600252091331"
"5183","27032","27216","11.2600252091331"
"5184","25501","27217","108.64562186683"
"5185","27036","27218","11.0610999108947"
"5186","27036","27219","11.0610999108947"
"5187","27036","27220","11.0610999108947"
"5188","27081","27221","8.1329048681348"
"5189","25897","27222","79.0095259524423"
"5190","25897","27223","79.0095259524423"
"5191","26881","27225","22.1827775133336"
"5192","26773","27226","28.9408175221758"
"5193","26777","27230","28.2231681250821"
"5194","27126","27234","6.19771811255214"
"5195","27126","27235","6.19771811255214"
"5196","27126","27236","6.19771811255214"
"5197","27126","27237","6.19771811255214"
"5198","27137","27238","5.84570619711099"
"5199","27105","27239","7.64835425338038"
"5200","26253","27240","58.7204595500561"
"5201","25620","27241","100.385438397126"
"5202","26556","27242","41.0342455411433"
"5203","27044","27243","12.2355167309804"
"5204","27044","27244","12.2355167309804"
"5205","27044","27245","12.2355167309804"
"5206","27044","27246","12.2355167309804"
"5207","27044","27247","12.2355167309804"
"5208","26886","27248","23.2913316457805"
"5209","27178","27255","3.76064594100148"
"5210","27114","27256","7.86596940580421"
"5211","27045","27257","12.4734278992594"
"5212","26968","27264","18.7752829643928"
"5213","26321","27265","56.1444601628523"
"5214","26711","27266","34.4142061649247"
"5215","27098","27267","10.036316886886"
"5216","27098","27268","10.036316886886"
"5217","27076","27272","11.4821667218557"
"5218","27076","27273","11.4821667218557"
"5219","26781","27274","30.6714254999613"
"5220","26781","27275","30.6714254999613"
"5221","26342","27277","56.0604557231343"
"5222","26362","27278","54.6475293957308"
"5223","26362","27279","54.6475293957308"
"5224","26362","27280","54.6475293957308"
"5225","26848","27281","27.0510679929675"
"5226","26096","27282","70.9367997382242"
"5227","26096","27283","70.9367997382242"
"5228","26096","27284","70.9367997382242"
"5229","24586","27285","171.432605266882"
"5230","26971","27287","20.8701274407194"
"5231","26429","27293","52.1574829119852"
"5232","27174","27296","7.15735492721819"
"5233","26879","27297","27.1478785236241"
"5234","27264","27304","3.58010451081145"
"5235","27240","27306","5.04855493697528"
"5236","27240","27307","5.04855493697528"
"5237","27240","27308","5.04855493697528"
"5238","27240","27309","5.04855493697528"
"5239","26338","27310","59.352032734653"
"5240","27170","27311","8.55170864301999"
"5241","27170","27312","8.55170864301999"
"5242","26749","27313","36.960160237594"
"5243","26749","27314","36.960160237594"
"5244","26749","27315","36.960160237594"
"5245","26749","27316","36.960160237594"
"5246","26746","27319","37.2075036381473"
"5247","26746","27320","37.2075036381473"
"5248","26810","27321","33.0180931575014"
"5249","26365","27324","58.5403960452743"
"5250","27012","27325","20.1259494359017"
"5251","27012","27326","20.1259494359017"
"5252","27012","27327","20.1259494359017"
"5253","27012","27328","20.1259494359017"
"5254","27164","27330","10.2422400657376"
"5255","27164","27331","10.2422400657376"
"5256","27164","27332","10.2422400657376"
"5257","27236","27333","6.7488777470237"
"5258","26902","27334","28.337347874394"
"5259","26902","27335","28.337347874394"
"5260","27244","27339","6.34372968996627"
"5261","26545","27340","47.8274069744841"
"5262","26545","27341","47.8274069744841"
"5263","27180","27343","9.98981612234206"
"5264","27042","27344","18.874031337172"
"5265","27003","27345","21.8491335058086"
"5266","27003","27346","21.8491335058086"
"5267","27304","27347","2.31498557183227"
"5268","27304","27348","2.31498557183227"
"5269","27241","27349","7.15506244732978"
"5270","27173","27350","10.6077530726682"
"5271","27175","27351","10.6433907285402"
"5272","27221","27352","8.5537906721886"
"5273","26485","27353","52.2003283216854"
"5274","26485","27354","52.2003283216854"
"5275","27152","27361","12.1745228394111"
"5276","27152","27362","12.1745228394111"
"5277","27073","27366","18.1290968059159"
"5278","27073","27367","18.1290968059159"
"5279","27073","27368","18.1290968059159"
"5280","26986","27369","24.7731855172919"
"5281","27194","27370","11.2607351518543"
"5282","27319","27378","2.75500084232863"
"5283","26860","27379","32.7027473979024"
"5284","26655","27380","44.3234500939216"
"5285","26655","27381","44.3234500939216"
"5286","26655","27382","44.3234500939216"
"5287","26655","27383","44.3234500939216"
"5288","26655","27384","44.3234500939216"
"5289","26704","27390","42.465652842624"
"5290","25745","27391","100.747516168547"
"5291","25745","27392","100.747516168547"
"5292","27146","27393","14.4106510447875"
"5293","27080","27394","18.9487484396891"
"5294","26719","27395","42.7345107888937"
"5295","25828","27396","94.8502388895427"
"5296","26530","27400","52.1996718869905"
"5297","26530","27401","52.1996718869905"
"5298","26957","27402","28.7851376796953"
"5299","26728","27403","43.1159355266216"
"5300","26728","27404","43.1159355266216"
"5301","27347","27407","3.64741207624047"
"5302","26626","27408","47.1350548915673"
"5303","26741","27409","42.5525025066561"
"5304","27278","27411","8.95659212549413"
"5305","27273","27412","9.20293476048982"
"5306","27273","27413","9.20293476048982"
"5307","27273","27414","9.20293476048982"
"5308","27211","27416","12.7701822881456"
"5309","27211","27417","12.7701822881456"
"5310","27211","27418","12.7701822881456"
"5311","27211","27419","12.7701822881456"
"5312","27208","27427","13.4241957006736"
"5313","27208","27428","13.4241957006736"
"5314","27208","27429","13.4241957006736"
"5315","27210","27434","13.8899488180539"
"5316","27210","27435","13.8899488180539"
"5317","26236","27442","72.9090640201111"
"5318","26236","27443","72.9090640201111"
"5319","26645","27452","49.5891654067032"
"5320","26645","27453","49.5891654067032"
"5321","26486","27454","58.4539946029404"
"5322","27380","27455","5.39541926101469"
"5323","27380","27456","5.39541926101469"
"5324","27309","27462","9.39796666520829"
"5325","27309","27463","9.39796666520829"
"5326","26023","27464","86.8410424739077"
"5327","26023","27465","86.8410424739077"
"5328","26023","27466","86.8410424739077"
"5329","26782","27467","43.4852571008541"
"5330","26782","27468","43.4852571008541"
"5331","27091","27471","23.7801158123216"
"5332","26807","27472","42.0248385239734"
"5333","27206","27473","16.6718318419159"
"5334","26785","27474","43.4976220104106"
"5335","26785","27475","43.4976220104106"
"5336","27061","27476","26.1730503489048"
"5337","26799","27477","43.4640591666969"
"5338","26799","27478","43.4640591666969"
"5339","27169","27479","19.2492043489044"
"5340","27169","27480","19.2492043489044"
"5341","27361","27481","8.41097562641312"
"5342","27361","27482","8.41097562641312"
"5343","27181","27483","19.2563118049186"
"5344","26988","27484","32.2883066830127"
"5345","26988","27485","32.2883066830127"
"5346","27314","27486","10.6266305978054"
"5347","27314","27487","10.6266305978054"
"5348","26984","27496","33.7129429457545"
"5349","26984","27497","33.7129429457545"
"5350","26984","27498","33.7129429457545"
"5351","27428","27499","5.85377284461651"
"5352","27428","27500","5.85377284461651"
"5353","27379","27519","9.97976613900619"
"5354","27051","27520","30.3973250707961"
"5355","27402","27523","8.91406612564901"
"5356","27293","27524","15.7498353397229"
"5357","27419","27525","8.06502045661864"
"5358","27419","27526","8.06502045661864"
"5359","27393","27527","10.0619855384346"
"5360","27404","27528","8.98008169770742"
"5361","27011","27535","34.1011242309983"
"5362","27011","27536","34.1011242309983"
"5363","27212","27539","21.8854467454435"
"5364","27212","27540","21.8854467454435"
"5365","27212","27541","21.8854467454435"
"5366","27333","27542","14.3086113619365"
"5367","26836","27543","46.8372835755538"
"5368","26836","27544","46.8372835755538"
"5369","26836","27545","46.8372835755538"
"5370","27403","27546","10.6828384556873"
"5371","27403","27547","10.6828384556873"
"5372","27403","27548","10.6828384556873"
"5373","27400","27549","10.8401435044029"
"5374","27400","27550","10.8401435044029"
"5375","27400","27551","10.8401435044029"
"5376","27382","27554","12.6933095895697"
"5377","27067","27561","32.2539387904678"
"5378","27369","27562","13.2150552111759"
"5379","27070","27563","31.8428302216748"
"5380","27070","27564","31.8428302216748"
"5381","27070","27565","31.8428302216748"
"5382","27391","27570","12.6843792430018"
"5383","27391","27571","12.6843792430018"
"5384","27171","27572","25.2833909446188"
"5385","27171","27573","25.2833909446188"
"5386","27274","27578","20.1135556270674"
"5387","27274","27579","20.1135556270674"
"5388","26435","27586","70.4919344139378"
"5389","27054","27594","33.7201775580409"
"5390","27215","27596","23.9036461361381"
"5391","27215","27597","23.9036461361381"
"5392","27215","27598","23.9036461361381"
"5393","27498","27600","5.74821132330294"
"5394","27498","27601","5.74821132330294"
"5395","27172","27602","26.6677811291195"
"5396","27570","27603","1.78632735568794"
"5397","27570","27604","1.78632735568794"
"5398","27455","27605","9.70147648642319"
"5399","26870","27606","47.2703431813197"
"5400","26729","27607","56.5172669722126"
"5401","27296","27608","20.0744725260176"
"5402","27296","27609","20.0744725260176"
"5403","27296","27610","20.0744725260176"
"5404","27296","27611","20.0744725260176"
"5405","27475","27612","9.06511141080409"
"5406","27475","27613","9.06511141080409"
"5407","27475","27614","9.06511141080409"
"5408","27475","27615","9.06511141080409"
"5409","27472","27616","9.25328783911323"
"5410","27472","27617","9.25328783911323"
"5411","27482","27618","8.13232252597436"
"5412","27482","27619","8.13232252597436"
"5413","27366","27624","16.253340750098"
"5414","27366","27625","16.253340750098"
"5415","27366","27626","16.253340750098"
"5416","27346","27644","18.5578096450849"
"5417","26937","27647","45.8415572319143"
"5418","27188","27651","29.3051964987196"
"5419","27413","27653","15.7457791718182"
"5420","27413","27654","15.7457791718182"
"5421","27478","27655","11.234925926947"
"5422","27496","27656","9.66381547254286"
"5423","27496","27657","9.66381547254286"
"5424","27520","27658","7.91481390437866"
"5425","27520","27659","7.91481390437866"
"5426","27520","27660","7.91481390437866"
"5427","27520","27661","7.91481390437866"
"5428","27520","27662","7.91481390437866"
"5429","27099","27668","35.4225647167166"
"5430","26964","27669","44.8047436844276"
"5431","27213","27670","28.5888747387435"
"5432","27350","27678","20.0611886796901"
"5433","27350","27679","20.0611886796901"
"5434","27350","27680","20.0611886796901"
"5435","27220","27682","28.8605411495223"
"5436","27177","27685","31.4742684709302"
"5437","27611","27686","4.30705737319386"
"5438","27611","27687","4.30705737319386"
"5439","27611","27688","4.30705737319386"
"5440","27605","27689","4.68194249282487"
"5441","27334","27690","22.0070697912265"
"5442","27429","27691","16.8496564558616"
"5443","27429","27692","16.8496564558616"
"5444","27429","27693","16.8496564558616"
"5445","27546","27694","7.49277244899736"
"5446","27409","27695","17.9339235295088"
"5447","27362","27696","21.3226001938481"
"5448","27362","27697","21.3226001938481"
"5449","27362","27698","21.3226001938481"
"5450","27655","27699","2.07678818387694"
"5451","27655","27700","2.07678818387694"
"5452","27655","27701","2.07678818387694"
"5453","27655","27702","2.07678818387694"
"5454","27655","27703","2.07678818387694"
"5455","27655","27704","2.07678818387694"
"5456","27655","27705","2.07678818387694"
"5457","27655","27706","2.07678818387694"
"5458","26230","27707","88.8887237060571"
"5459","26230","27708","88.8887237060571"
"5460","27477","27709","13.3685012701737"
"5461","27601","27710","6.10112834255938"
"5462","27339","27711","22.5679520124215"
"5463","27339","27712","22.5679520124215"
"5464","27339","27713","22.5679520124215"
"5465","27339","27714","22.5679520124215"
"5466","27339","27715","22.5679520124215"
"5467","27052","27724","41.2132648644442"
"5468","27367","27725","21.6506365257833"
"5469","27367","27726","21.6506365257833"
"5470","27484","27727","13.8592137772266"
"5471","27484","27728","13.8592137772266"
"5472","27082","27729","39.3612476700571"
"5473","25940","27730","107.011419601085"
"5474","27540","27731","9.76933349691785"
"5475","27267","27732","28.7128079518607"
"5476","27176","27737","33.6313221639241"
"5477","27176","27738","33.6313221639241"
"5478","27176","27739","33.6313221639241"
"5479","27176","27740","33.6313221639241"
"5480","27176","27741","33.6313221639241"
"5481","27454","27745","17.4490465456356"
"5482","27524","27746","11.9261230282441"
"5483","26830","27747","57.544686447108"
"5484","27332","27751","25.7629629713056"
"5485","27327","27759","26.4572991296648"
"5486","27327","27760","26.4572991296648"
"5487","27468","27761","17.8727400000523"
"5488","27596","27762","10.1117302392634"
"5489","27596","27763","10.1117302392634"
"5490","27596","27764","10.1117302392634"
"5491","27596","27765","10.1117302392634"
"5492","27596","27766","10.1117302392634"
"5493","27616","27768","9.09915951935682"
"5494","27616","27769","9.09915951935682"
"5495","27411","27772","22.6714864683161"
"5496","27345","27775","26.8370010833823"
"5497","27282","27780","31.8298911874813"
"5498","27282","27781","31.8298911874813"
"5499","27282","27782","31.8298911874813"
"5500","27282","27783","31.8298911874813"
"5501","27282","27784","31.8298911874813"
"5502","27282","27785","31.8298911874813"
"5503","27282","27786","31.8298911874813"
"5504","27207","27787","35.9815262176714"
"5505","27283","27790","32.2427348159629"
"5506","27283","27791","32.2427348159629"
"5507","27678","27793","7.51728549489644"
"5508","26835","27794","60.6455463541654"
"5509","27414","27796","24.3281946644829"
"5510","27414","27797","24.3281946644829"
"5511","27414","27798","24.3281946644829"
"5512","26941","27799","54.6575857970868"
"5513","27443","27800","22.1920878242565"
"5514","27602","27801","12.064272126066"
"5515","27602","27802","12.064272126066"
"5516","27695","27803","6.90793048852606"
"5517","27695","27804","6.90793048852606"
"5518","27695","27805","6.90793048852606"
"5519","27551","27808","14.4996480195628"
"5520","27486","27809","19.9825436314177"
"5521","27486","27810","19.9825436314177"
"5522","27613","27819","12.883242039446"
"5523","27727","27820","7.03014016393604"
"5524","27727","27821","7.03014016393604"
"5525","27523","27826","18.4669328929351"
"5526","27523","27827","18.4669328929351"
"5527","27523","27828","18.4669328929351"
"5528","26419","27830","87.9067474536964"
"5529","26419","27831","87.9067474536964"
"5530","27618","27833","14.0063784407209"
"5531","27005","27836","53.2416906074784"
"5532","26940","27838","58.1293629562158"
"5533","27747","27839","7.53666588652754"
"5534","27653","27841","12.1551485042974"
"5535","27653","27842","12.1551485042974"
"5536","27653","27843","12.1551485042974"
"5537","27564","27844","17.100258404816"
"5538","27564","27845","17.100258404816"
"5539","27564","27846","17.100258404816"
"5540","27352","27847","31.532359689937"
"5541","27352","27848","31.532359689937"
"5542","27243","27849","38.7749666031368"
"5543","26281","27851","96.2091192391304"
"5544","26281","27852","96.2091192391304"
"5545","27692","27855","10.6761395727444"
"5546","27790","27859","4.77282171010575"
"5547","27790","27860","4.77282171010575"
"5548","27456","27861","25.3448202391926"
"5549","27456","27862","25.3448202391926"
"5550","27456","27863","25.3448202391926"
"5551","27149","27864","44.2859161127515"
"5552","27739","27866","9.2982405675973"
"5553","27349","27867","32.4425347484753"
"5554","27427","27868","28.1603685892378"
"5555","27063","27869","50.7805622431995"
"5556","27656","27874","13.5427019792858"
"5557","27656","27875","13.5427019792858"
"5558","27772","27877","6.96773370517258"
"5559","27729","27879","10.7302955192667"
"5560","27729","27880","10.7302955192667"
"5561","27729","27881","10.7302955192667"
"5562","27729","27882","10.7302955192667"
"5563","26858","27883","65.0932020394055"
"5564","27698","27884","11.9763602866199"
"5565","27698","27885","11.9763602866199"
"5566","27698","27886","11.9763602866199"
"5567","27331","27887","34.6808589394509"
"5568","27331","27888","34.6808589394509"
"5569","27796","27889","5.79391454158531"
"5570","27796","27890","5.79391454158531"
"5571","27659","27891","14.2810038463376"
"5572","27659","27892","14.2810038463376"
"5573","27659","27893","14.2810038463376"
"5574","26417","27898","92.0450216684919"
"5575","26417","27899","92.0450216684919"
"5576","27617","27902","18.3418424335164"
"5577","27828","27903","4.71762516840749"
"5578","27746","27907","11.3781240196224"
"5579","27647","27915","16.6670695580997"
"5580","27435","27916","30.6327602099309"
"5581","27435","27917","30.6327602099309"
"5582","27435","27918","30.6327602099309"
"5583","27711","27919","13.8868853085817"
"5584","27600","27924","20.3693201114434"
"5585","27549","27927","22.4022679711038"
"5586","27225","27929","44.703685666376"
"5587","27225","27930","44.703685666376"
"5588","27225","27931","44.703685666376"
"5589","27225","27932","44.703685666376"
"5590","27805","27933","8.17479813542582"
"5591","27297","27940","40.2620458347601"
"5592","27669","27948","17.5017716330153"
"5593","27669","27949","17.5017716330153"
"5594","27669","27950","17.5017716330153"
"5595","27626","27951","19.9732542253728"
"5596","27626","27952","19.9732542253728"
"5597","27392","27953","35.6890967519139"
"5598","27392","27954","35.6890967519139"
"5599","27709","27955","15.9945918153703"
"5600","27830","27956","7.36966241085929"
"5601","27830","27957","7.36966241085929"
"5602","27740","27958","15.0015451792681"
"5603","27740","27959","15.0015451792681"
"5604","27308","27962","40.4693944705712"
"5605","27463","27963","31.1263276746456"
"5606","27463","27964","31.1263276746456"
"5607","27247","27965","45.4245228572508"
"5608","27704","27966","16.7637026101002"
"5609","27694","27967","17.4010189566425"
"5610","27651","27968","19.5924881997673"
"5611","27651","27969","19.5924881997673"
"5612","27651","27970","19.5924881997673"
"5613","27874","27971","5.71289289421452"
"5614","27874","27972","5.71289289421452"
"5615","27874","27973","5.71289289421452"
"5616","27874","27974","5.71289289421452"
"5617","27874","27975","5.71289289421452"
"5618","27874","27976","5.71289289421452"
"5619","27874","27977","5.71289289421452"
"5620","27606","27978","22.403952590819"
"5621","27927","27979","2.85315878110919"
"5622","27927","27980","2.85315878110919"
"5623","27927","27981","2.85315878110919"
"5624","27544","27982","25.3433402094358"
"5625","27544","27983","25.3433402094358"
"5626","27193","27984","49.3165181806676"
"5627","27193","27985","49.3165181806676"
"5628","27193","27986","49.3165181806676"
"5629","27193","27987","49.3165181806676"
"5630","27867","27988","6.95176747833511"
"5631","27002","27990","62.7228395119332"
"5632","26861","27992","71.3364657145091"
"5633","27548","27993","26.0900510102895"
"5634","27548","27994","26.0900510102895"
"5635","27689","27995","18.9580114667563"
"5636","27689","27996","18.9580114667563"
"5637","27689","27997","18.9580114667563"
"5638","27689","27998","18.9580114667563"
"5639","27657","27999","20.8926091768938"
"5640","27731","28002","17.7792794784184"
"5641","27541","28010","27.8581158407083"
"5642","27541","28011","27.8581158407083"
"5643","27541","28012","27.8581158407083"
"5644","27179","28013","51.6152962085389"
"5645","27179","28014","51.6152962085389"
"5646","27819","28020","11.9993135279517"
"5647","27819","28021","11.9993135279517"
"5648","27497","28023","31.8318028521471"
"5649","27497","28024","31.8318028521471"
"5650","27497","28025","31.8318028521471"
"5651","27497","28026","31.8318028521471"
"5652","27497","28027","31.8318028521471"
"5653","27955","28028","4.20795983460039"
"5654","27955","28029","4.20795983460039"
"5655","27957","28031","4.01467866243047"
"5656","27957","28032","4.01467866243047"
"5657","26918","28034","70.2153273106003"
"5658","26918","28035","70.2153273106003"
"5659","27612","28037","25.5902561397763"
"5660","27916","28038","6.718528370596"
"5661","27730","28045","19.8617558415494"
"5662","27999","28049","2.79072059401597"
"5663","27500","28050","33.3048564467422"
"5664","27474","28051","35.9234869525521"
"5665","27474","28052","35.9234869525521"
"5666","27474","28053","35.9234869525521"
"5667","27471","28062","36.6996774667102"
"5668","27471","28063","36.6996774667102"
"5669","27654","28064","24.928121142394"
"5670","27536","28065","31.8292008964515"
"5671","27951","28067","7.42780419764381"
"5672","27951","28068","7.42780419764381"
"5673","27951","28069","7.42780419764381"
"5674","27226","28070","53.0768284795247"
"5675","27226","28071","53.0768284795247"
"5676","27226","28072","53.0768284795247"
"5677","27810","28073","16.0173766238397"
"5678","27690","28074","23.8103619979158"
"5679","27690","28075","23.8103619979158"
"5680","27690","28076","23.8103619979158"
"5681","27931","28077","8.75764241056959"
"5682","27931","28078","8.75764241056959"
"5683","27931","28079","8.75764241056959"
"5684","27931","28080","8.75764241056959"
"5685","27931","28081","8.75764241056959"
"5686","27931","28082","8.75764241056959"
"5687","27931","28083","8.75764241056959"
"5688","27931","28084","8.75764241056959"
"5689","27882","28085","11.7874627234544"
"5690","27882","28086","11.7874627234544"
"5691","27803","28092","17.3207508367202"
"5692","27803","28093","17.3207508367202"
"5693","27803","28094","17.3207508367202"
"5694","27887","28099","12.0064001273038"
"5695","27804","28100","17.6284276691899"
"5696","27686","28101","25.1717071461346"
"5697","27686","28102","25.1717071461346"
"5698","27903","28107","11.3556335848268"
"5699","27903","28108","11.3556335848268"
"5700","27535","28109","34.001159644836"
"5701","28099","28110","0.979305817848626"
"5702","28099","28111","0.979305817848626"
"5703","27979","28112","7.58223108107404"
"5704","27932","28122","10.7334857809622"
"5705","27932","28123","10.7334857809622"
"5706","27078","28124","64.2868101381698"
"5707","27708","28128","25.6650667184776"
"5708","28010","28129","6.44545582869728"
"5709","27783","28133","20.7572349483062"
"5710","28062","28137","3.67356108844592"
"5711","28069","28138","3.37194503663363"
"5712","28069","28139","3.37194503663363"
"5713","27768","28142","22.8533842184174"
"5714","27768","28143","22.8533842184174"
"5715","27993","28144","8.82425201945216"
"5716","27949","28146","11.8480705621434"
"5717","27547","28147","35.2706169869632"
"5718","28085","28157","4.02427464052016"
"5719","28085","28158","4.02427464052016"
"5720","28085","28159","4.02427464052016"
"5721","28085","28160","4.02427464052016"
"5722","28085","28161","4.02427464052016"
"5723","28085","28162","4.02427464052016"
"5724","27849","28165","17.708325026184"
"5725","27849","28166","17.708325026184"
"5726","27780","28167","22.7985619649235"
"5727","27982","28168","10.4579604203541"
"5728","27982","28169","10.4579604203541"
"5729","27699","28170","28.0152900848664"
"5730","27699","28171","28.0152900848664"
"5731","27699","28172","28.0152900848664"
"5732","27699","28173","28.0152900848664"
"5733","27851","28182","18.1888796822057"
"5734","27851","28183","18.1888796822057"
"5735","27851","28184","18.1888796822057"
"5736","27851","28185","18.1888796822057"
"5737","27851","28186","18.1888796822057"
"5738","27851","28187","18.1888796822057"
"5739","27851","28188","18.1888796822057"
"5740","28072","28189","5.15259920698668"
"5741","28072","28190","5.15259920698668"
"5742","27797","28192","22.1841378703753"
"5743","27797","28193","22.1841378703753"
"5744","27794","28196","22.6830830996585"
"5745","27794","28197","22.6830830996585"
"5746","27844","28200","19.2195639817467"
"5747","27844","28201","19.2195639817467"
"5748","27844","28202","19.2195639817467"
"5749","28011","28203","9.95918359177381"
"5750","28011","28204","9.95918359177381"
"5751","27800","28205","22.7702038096181"
"5752","28031","28208","8.97987047533661"
"5753","28031","28209","8.97987047533661"
"5754","28031","28210","8.97987047533661"
"5755","27610","28216","34.8080476318721"
"5756","27864","28218","19.3902938765173"
"5757","27864","28219","19.3902938765173"
"5758","27864","28220","19.3902938765173"
"5759","27762","28226","26.3810053095735"
"5760","28100","28229","6.24573161392004"
"5761","28142","28230","3.40829597959305"
"5762","27705","28237","31.0231882815997"
"5763","27705","28238","31.0231882815997"
"5764","28112","28239","6.10513540224088"
"5765","27775","28240","26.3352284913312"
"5766","26919","28242","80.9392536307357"
"5767","27974","28244","14.5765393802026"
"5768","27974","28245","14.5765393802026"
"5769","28053","28246","9.83219251064247"
"5770","28053","28247","9.83219251064247"
"5771","28053","28248","9.83219251064247"
"5772","28053","28249","9.83219251064247"
"5773","28143","28252","4.87099684272448"
"5774","28143","28253","4.87099684272448"
"5775","27919","28255","18.1739378367088"
"5776","27919","28256","18.1739378367088"
"5777","27919","28257","18.1739378367088"
"5778","27919","28258","18.1739378367088"
"5779","27985","28260","14.7784843400989"
"5780","27985","28261","14.7784843400989"
"5781","27985","28262","14.7784843400989"
"5782","27985","28263","14.7784843400989"
"5783","27311","28269","56.3056978838658"
"5784","27311","28270","56.3056978838658"
"5785","27311","28271","56.3056978838658"
"5786","27311","28272","56.3056978838658"
"5787","27311","28273","56.3056978838658"
"5788","27311","28274","56.3056978838658"
"5789","27162","28276","65.4884861382425"
"5790","28093","28277","9.10520584120763"
"5791","28093","28278","9.10520584120763"
"5792","28159","28283","5.48445982745466"
"5793","27809","28284","26.0144472092168"
"5794","27809","28285","26.0144472092168"
"5795","27809","28286","26.0144472092168"
"5796","27793","28287","27.4684228365161"
"5797","27954","28288","17.5435926373"
"5798","27954","28289","17.5435926373"
"5799","27571","28290","40.6107567768845"
"5800","28094","28291","9.64043577319785"
"5801","28094","28292","9.64043577319785"
"5802","28026","28293","13.5702249853305"
"5803","28137","28296","7.91692886631449"
"5804","28137","28297","7.91692886631449"
"5805","28137","28298","7.91692886631449"
"5806","27990","28299","16.1152993006122"
"5807","28239","28304","3.42237057878719"
"5808","28245","28305","2.87426881903571"
"5809","28245","28306","2.87426881903571"
"5810","28245","28307","2.87426881903571"
"5811","28245","28308","2.87426881903571"
"5812","28049","28325","14.1622611339144"
"5813","27930","28326","21.0916148246213"
"5814","27877","28327","24.3566884856837"
"5815","27487","28328","48.7238419578828"
"5816","28237","28329","5.12829561143803"
"5817","28237","28330","5.12829561143803"
"5818","28237","28331","5.12829561143803"
"5819","28237","28332","5.12829561143803"
"5820","28237","28333","5.12829561143803"
"5821","28237","28334","5.12829561143803"
"5822","28050","28337","14.3839116940358"
"5823","28144","28340","9.34525436049557"
"5824","28144","28341","9.34525436049557"
"5825","28052","28345","14.5734868953555"
"5826","28052","28346","14.5734868953555"
"5827","28052","28347","14.5734868953555"
"5828","28226","28348","6.45096577323625"
"5829","27847","28349","26.6616969054364"
"5830","27847","28350","26.6616969054364"
"5831","28138","28354","10.5411696535652"
"5832","27330","28359","59.6541783481759"
"5833","27330","28360","59.6541783481759"
"5834","27009","28361","80.3355557807097"
"5835","26418","28362","116.157382796055"
"5836","26418","28363","116.157382796055"
"5837","26418","28364","116.157382796055"
"5838","26418","28365","116.157382796055"
"5839","28185","28366","8.9312159819583"
"5840","28185","28367","8.9312159819583"
"5841","28102","28368","12.890394135444"
"5842","28102","28369","12.890394135444"
"5843","28102","28370","12.890394135444"
"5844","28102","28371","12.890394135444"
"5845","27725","28372","36.3362297918668"
"5846","27893","28373","25.3002321748922"
"5847","27893","28374","25.3002321748922"
"5848","27893","28375","25.3002321748922"
"5849","27833","28376","28.359190581011"
"5850","27833","28377","28.359190581011"
"5851","28166","28378","9.90458497740428"
"5852","28238","28380","6.73863613495814"
"5853","28238","28381","6.73863613495814"
"5854","27977","28382","20.7590936031047"
"5855","27977","28383","20.7590936031047"
"5856","27918","28390","23.9717832055596"
"5857","27968","28394","21.0974948365538"
"5858","27321","28395","61.3154260853921"
"5859","28304","28397","3.94676138189016"
"5860","28304","28398","3.94676138189016"
"5861","28025","28399","18.543968076139"
"5862","27781","28400","33.4275265408407"
"5863","27781","28401","33.4275265408407"
"5864","28045","28404","17.8337713042499"
"5865","27696","28405","39.0225880076412"
"5866","27971","28410","22.4681573217381"
"5867","27787","28412","34.5839152580556"
"5868","27787","28413","34.5839152580556"
"5869","27787","28414","34.5839152580556"
"5870","28258","28415","7.71196793411355"
"5871","28109","28417","15.0954337629676"
"5872","27465","28419","54.5628422886132"
"5873","28305","28420","5.63877235224413"
"5874","28305","28421","5.63877235224413"
"5875","28032","28422","19.9951643004135"
"5876","28032","28423","19.9951643004135"
"5877","28032","28424","19.9951643004135"
"5878","28032","28425","19.9951643004135"
"5879","28032","28426","19.9951643004135"
"5880","27973","28427","23.2015091289618"
"5881","28147","28428","12.8769578859403"
"5882","28246","28431","8.61441596460008"
"5883","28229","28436","10.1621901224"
"5884","28219","28437","10.8856982439543"
"5885","28076","28438","17.4625253606605"
"5886","28076","28439","17.4625253606605"
"5887","28076","28440","17.4625253606605"
"5888","28076","28441","17.4625253606605"
"5889","28076","28442","17.4625253606605"
"5890","28157","28444","13.2214671238205"
"5891","28157","28445","13.2214671238205"
"5892","28157","28446","13.2214671238205"
"5893","28157","28447","13.2214671238205"
"5894","28157","28448","13.2214671238205"
"5895","28157","28449","13.2214671238205"
"5896","28157","28450","13.2214671238205"
"5897","28157","28451","13.2214671238205"
"5898","28157","28452","13.2214671238205"
"5899","28157","28453","13.2214671238205"
"5900","28051","28454","19.1255608977349"
"5901","27933","28455","26.3159375762557"
"5902","27933","28456","26.3159375762557"
"5903","27933","28457","26.3159375762557"
"5904","27933","28458","26.3159375762557"
"5905","28092","28462","17.5770538936326"
"5906","28092","28463","17.5770538936326"
"5907","28187","28464","13.2795993807997"
"5908","28086","28467","18.1793647748971"
"5909","28086","28468","18.1793647748971"
"5910","28086","28469","18.1793647748971"
"5911","27542","28474","50.4169787766259"
"5912","27542","28475","50.4169787766259"
"5913","27542","28476","50.4169787766259"
"5914","27880","28481","30.5515053472402"
"5915","28306","28483","8.08835748244883"
"5916","28331","28486","6.6586019539568"
"5917","27769","28487","38.5474118093509"
"5918","27769","28488","38.5474118093509"
"5919","27769","28489","38.5474118093509"
"5920","27769","28490","38.5474118093509"
"5921","28382","28491","4.91951123548483"
"5922","27950","28492","27.3299184313773"
"5923","27950","28493","27.3299184313773"
"5924","27950","28494","27.3299184313773"
"5925","27950","28495","27.3299184313773"
"5926","27950","28496","27.3299184313773"
"5927","28290","28497","9.3835422378354"
"5928","27572","28500","50.0463742571501"
"5929","27889","28501","30.9205150412013"
"5930","27889","28502","30.9205150412013"
"5931","28263","28507","11.1198117526035"
"5932","28334","28508","7.47567972830871"
"5933","28110","28509","18.6413432964596"
"5934","27966","28510","27.1443833213157"
"5935","28082","28511","20.4739632873047"
"5936","28082","28512","20.4739632873047"
"5937","27836","28515","34.4504633903332"
"5938","27836","28516","34.4504633903332"
"5939","27836","28517","34.4504633903332"
"5940","27836","28518","34.4504633903332"
"5941","28347","28519","7.59218591378885"
"5942","28083","28520","20.7146809364538"
"5943","28445","28527","3.65516192923383"
"5944","28445","28528","3.65516192923383"
"5945","28445","28529","3.65516192923383"
"5946","28330","28530","8.42147158799821"
"5947","28330","28531","8.42147158799821"
"5948","28330","28532","8.42147158799821"
"5949","28101","28534","20.2386945924811"
"5950","28101","28535","20.2386945924811"
"5951","28101","28536","20.2386945924811"
"5952","28262","28541","12.5727488958503"
"5953","28068","28542","22.2352203052651"
"5954","28068","28543","22.2352203052651"
"5955","28361","28545","8.20171835163592"
"5956","28081","28546","21.7878311436464"
"5957","28081","28547","21.7878311436464"
"5958","27418","28549","63.396765926633"
"5959","27418","28550","63.396765926633"
"5960","28172","28551","17.7084810186254"
"5961","28172","28552","17.7084810186254"
"5962","25359","28553","194.159052752666"
"5963","27994","28554","27.5374126590145"
"5964","27994","28555","27.5374126590145"
"5965","27994","28556","27.5374126590145"
"5966","27994","28557","27.5374126590145"
"5967","27256","28559","74.4323447472495"
"5968","27256","28560","74.4323447472495"
"5969","27256","28561","74.4323447472495"
"5970","28204","28562","16.9154423226209"
"5971","28204","28563","16.9154423226209"
"5972","28204","28564","16.9154423226209"
"5973","27370","28569","67.2396062155956"
"5974","27370","28570","67.2396062155956"
"5975","28205","28571","17.639241435432"
"5976","28002","28574","28.0455811780316"
"5977","28272","28575","14.4991622396165"
"5978","28013","28577","27.8437747510739"
"5979","28013","28578","27.8437747510739"
"5980","28013","28579","27.8437747510739"
"5981","28038","28583","26.54261832052"
"5982","28038","28584","26.54261832052"
"5983","28038","28585","26.54261832052"
"5984","27898","28586","34.4185745471582"
"5985","27898","28587","34.4185745471582"
"5986","28415","28588","7.62124194083276"
"5987","28415","28589","7.62124194083276"
"5988","28415","28590","7.62124194083276"
"5989","28415","28591","7.62124194083276"
"5990","28415","28592","7.62124194083276"
"5991","28244","28597","16.2269547453541"
"5992","28438","28598","7.38202772180603"
"5993","28284","28600","14.9621437547821"
"5994","28020","28601","28.2285416812372"
"5995","28020","28602","28.2285416812372"
"5996","28020","28603","28.2285416812372"
"5997","28158","28604","20.6566934173948"
"5998","28124","28606","22.9057742584864"
"5999","28453","28609","8.20690597795351"
"6000","27970","28610","31.9940201570498"
"6001","27862","28612","38.8878872491118"
"6002","28277","28620","16.5807079832171"
"6003","27661","28621","51.936252924196"
"6004","27661","28622","51.936252924196"
"6005","27661","28623","51.936252924196"
"6006","27924","28624","35.7368627415644"
"6007","27924","28625","35.7368627415644"
"6008","28509","28627","6.47340369793073"
"6009","28080","28628","26.6402423359455"
"6010","28023","28629","30.1995308366363"
"6011","28486","28631","7.56235943264301"
"6012","28308","28635","15.7727702911195"
"6013","28028","28640","30.2015020222057"
"6014","28028","28641","30.2015020222057"
"6015","28440","28648","9.86376008085949"
"6016","28440","28649","9.86376008085949"
"6017","28440","28650","9.86376008085949"
"6018","27473","28654","65.0577213108991"
"6019","28450","28657","11.0191566055203"
"6020","28240","28658","20.8411599622468"
"6021","28423","28659","11.7185773638123"
"6022","28423","28660","11.7185773638123"
"6023","28423","28661","11.7185773638123"
"6024","28354","28664","15.3585622696007"
"6025","28354","28665","15.3585622696007"
"6026","27408","28666","70.7335939418949"
"6027","27408","28667","70.7335939418949"
"6028","28359","28668","15.5922291619788"
"6029","28359","28669","15.5922291619788"
"6030","28359","28670","15.5922291619788"
"6031","28327","28673","16.7554347740597"
"6032","28489","28675","10.0026025262193"
"6033","28367","28676","15.5383572112639"
"6034","28590","28677","5.33686753158122"
"6035","28590","28678","5.33686753158122"
"6036","27801","28679","46.914603693747"
"6037","27801","28680","46.914603693747"
"6038","27866","28683","42.9866691668828"
"6039","27972","28688","36.5652250418859"
"6040","27972","28689","36.5652250418859"
"6041","28441","28690","13.1344746056807"
"6042","27766","28691","50.5535826444832"
"6043","27766","28692","50.5535826444832"
"6044","27988","28694","36.7334772610166"
"6045","28609","28695","5.3758157835091"
"6046","28587","28696","7.05901252070157"
"6047","28364","28697","17.3558283013494"
"6048","28189","28698","26.1801142832164"
"6049","28189","28699","26.1801142832164"
"6050","28476","28705","12.4402202947097"
"6051","28476","28706","12.4402202947097"
"6052","28476","28707","12.4402202947097"
"6053","28598","28708","6.42009167682477"
"6054","28598","28709","6.42009167682477"
"6055","28598","28710","6.42009167682477"
"6056","28598","28711","6.42009167682477"
"6057","28598","28712","6.42009167682477"
"6058","28395","28713","16.6014512070169"
"6059","28395","28714","16.6014512070169"
"6060","28395","28715","16.6014512070169"
"6061","28395","28716","16.6014512070169"
"6062","28070","28717","31.6856218892399"
"6063","28447","28718","14.0948236028607"
"6064","28462","28720","13.6899344428534"
"6065","28462","28721","13.6899344428534"
"6066","28398","28723","16.7862691679261"
"6067","28451","28725","14.6246942340217"
"6068","28451","28726","14.6246942340217"
"6069","28451","28727","14.6246942340217"
"6070","28451","28728","14.6246942340217"
"6071","28451","28729","14.6246942340217"
"6072","28451","28730","14.6246942340217"
"6073","28640","28734","5.43607243268252"
"6074","28220","28735","26.106427117938"
"6075","28220","28736","26.106427117938"
"6076","28182","28738","27.7012872791065"
"6077","28557","28741","10.4651722439157"
"6078","28508","28744","12.9130226336774"
"6079","28508","28745","12.9130226336774"
"6080","28421","28747","16.3213606210707"
"6081","28421","28748","16.3213606210707"
"6082","28421","28749","16.3213606210707"
"6083","28421","28750","16.3213606210707"
"6084","28421","28751","16.3213606210707"
"6085","28421","28752","16.3213606210707"
"6086","28421","28753","16.3213606210707"
"6087","28372","28756","19.6094259138558"
"6088","28372","28757","19.6094259138558"
"6089","28372","28758","19.6094259138558"
"6090","28326","28759","21.3772957067401"
"6091","28350","28760","20.7177816045505"
"6092","28350","28761","20.7177816045505"
"6093","28350","28762","20.7177816045505"
"6094","27826","28763","48.5857023911753"
"6095","27826","28764","48.5857023911753"
"6096","27826","28765","48.5857023911753"
"6097","28532","28766","12.835387983665"
"6098","28328","28767","21.4200246144176"
"6099","28208","28768","28.2537840170532"
"6100","28208","28769","28.2537840170532"
"6101","28208","28770","28.2537840170532"
"6102","27987","28771","39.9460602569691"
"6103","27987","28772","39.9460602569691"
"6104","27987","28773","39.9460602569691"
"6105","28029","28774","37.4283886322096"
"6106","28278","28775","24.7806806096632"
"6107","28210","28781","28.9015465067253"
"6108","28210","28782","28.9015465067253"
"6109","28527","28783","13.9072080354053"
"6110","28588","28784","10.861009508161"
"6111","28588","28785","10.861009508161"
"6112","28588","28786","10.861009508161"
"6113","28588","28787","10.861009508161"
"6114","28588","28788","10.861009508161"
"6115","28588","28789","10.861009508161"
"6116","28588","28790","10.861009508161"
"6117","28588","28791","10.861009508161"
"6118","28588","28792","10.861009508161"
"6119","28569","28800","11.8304312046448"
"6120","28569","28801","11.8304312046448"
"6121","28569","28802","11.8304312046448"
"6122","28377","28810","21.6650349191361"
"6123","28376","28811","21.7737169494417"
"6124","28376","28812","21.7737169494417"
"6125","28376","28813","21.7737169494417"
"6126","28376","28814","21.7737169494417"
"6127","28376","28815","21.7737169494417"
"6128","28376","28816","21.7737169494417"
"6129","28728","28822","3.94206080095478"
"6130","28659","28823","7.59434617518377"
"6131","28589","28825","12.2581266789"
"6132","28167","28827","32.2995153649333"
"6133","28167","28828","32.2995153649333"
"6134","28167","28829","32.2995153649333"
"6135","28329","28830","24.3489549613248"
"6136","28699","28831","6.15913945141529"
"6137","28699","28832","6.15913945141529"
"6138","28412","28833","21.3901923064773"
"6139","28412","28834","21.3901923064773"
"6140","28162","28835","34.0321106112558"
"6141","28162","28836","34.0321106112558"
"6142","28162","28837","34.0321106112558"
"6143","27658","28838","63.9911543571848"
"6144","27658","28839","63.9911543571848"
"6145","28414","28844","22.4120877098558"
"6146","28420","28845","22.1273835128493"
"6147","28555","28846","16.675314371977"
"6148","27687","28847","63.2784767902049"
"6149","27687","28848","63.2784767902049"
"6150","27687","28849","63.2784767902049"
"6151","28571","28850","15.78797613801"
"6152","28517","28854","19.3812153070735"
"6153","28517","28855","19.3812153070735"
"6154","28602","28856","15.2833016423497"
"6155","28602","28857","15.2833016423497"
"6156","28602","28858","15.2833016423497"
"6157","28424","28859","23.2087372652036"
"6158","28424","28860","23.2087372652036"
"6159","27821","28861","55.4439981341875"
"6160","28721","28862","8.69600115461913"
"6161","28721","28863","8.69600115461913"
"6162","28764","28864","6.56847522742873"
"6163","28764","28865","6.56847522742873"
"6164","28764","28866","6.56847522742873"
"6165","28680","28867","10.8311017364229"
"6166","28680","28868","10.8311017364229"
"6167","28129","28871","38.7581706643316"
"6168","28129","28872","38.7581706643316"
"6169","28129","28873","38.7581706643316"
"6170","28129","28874","38.7581706643316"
"6171","27986","28875","46.8511637179763"
"6172","28261","28876","32.0946784827022"
"6173","28325","28877","28.9498618557841"
"6174","28481","28879","22.4165774661869"
"6175","28481","28880","22.4165774661869"
"6176","28481","28881","22.4165774661869"
"6177","28481","28882","22.4165774661869"
"6178","28481","28883","22.4165774661869"
"6179","28146","28884","37.5135171505933"
"6180","28146","28885","37.5135171505933"
"6181","28810","28887","5.71696030592329"
"6182","28810","28888","5.71696030592329"
"6183","28810","28889","5.71696030592329"
"6184","28810","28890","5.71696030592329"
"6185","28810","28891","5.71696030592329"
"6186","28810","28892","5.71696030592329"
"6187","28648","28893","14.5547930093817"
"6188","28648","28894","14.5547930093817"
"6189","28648","28895","14.5547930093817"
"6190","28665","28896","12.9133959540243"
"6191","28369","28897","27.9719399053949"
"6192","28791","28898","6.93916132256845"
"6193","28791","28899","6.93916132256845"
"6194","28381","28902","27.7657866056884"
"6195","27728","28903","64.4426594038798"
"6196","27728","28904","64.4426594038798"
"6197","27728","28905","64.4426594038798"
"6198","27869","28906","54.4298482016507"
"6199","27869","28907","54.4298482016507"
"6200","28625","28908","15.4605463289668"
"6201","28833","28910","4.35710770898527"
"6202","28833","28911","4.35710770898527"
"6203","28833","28912","4.35710770898527"
"6204","28833","28913","4.35710770898527"
"6205","28425","28914","25.4810821233307"
"6206","28425","28915","25.4810821233307"
"6207","28425","28916","25.4810821233307"
"6208","27992","28917","47.6972292067112"
"6209","27992","28918","47.6972292067112"
"6210","27992","28919","47.6972292067112"
"6211","27992","28920","47.6972292067112"
"6212","27992","28921","47.6972292067112"
"6213","28578","28924","19.0389857221141"
"6214","28660","28926","14.4336821163092"
"6215","28660","28927","14.4336821163092"
"6216","28660","28928","14.4336821163092"
"6217","28660","28929","14.4336821163092"
"6218","28834","28930","5.25543700693675"
"6219","28834","28931","5.25543700693675"
"6220","28834","28932","5.25543700693675"
"6221","28834","28933","5.25543700693675"
"6222","28276","28937","34.171369245553"
"6223","28679","28938","13.4661388464758"
"6224","28708","28942","12.5341155760118"
"6225","28708","28943","12.5341155760118"
"6226","28708","28944","12.5341155760118"
"6227","28711","28945","12.5421354914611"
"6228","28711","28946","12.5421354914611"
"6229","28758","28947","10.3118024383232"
"6230","28468","28952","25.5039537115813"
"6231","28543","28953","22.1875228757945"
"6232","28394","28954","29.4769392986138"
"6233","28394","28955","29.4769392986138"
"6234","28560","28956","21.7401751675222"
"6235","28307","28964","33.574235245504"
"6236","28697","28965","13.684061986811"
"6237","28368","28966","30.8632933605268"
"6238","28854","28969","4.89118982489663"
"6239","28575","28970","21.4309561645307"
"6240","28575","28971","21.4309561645307"
"6241","28575","28972","21.4309561645307"
"6242","28575","28973","21.4309561645307"
"6243","28575","28974","21.4309561645307"
"6244","28575","28975","21.4309561645307"
"6245","28575","28976","21.4309561645307"
"6246","27884","28980","56.692513286217"
"6247","28846","28982","6.28012007715392"
"6248","28673","28983","16.2007002901282"
"6249","28673","28984","16.2007002901282"
"6250","28916","28985","3.09445907659233"
"6251","28916","28986","3.09445907659233"
"6252","28916","28987","3.09445907659233"
"6253","28916","28988","3.09445907659233"
"6254","27980","28989","51.535848335137"
"6255","27980","28990","51.535848335137"
"6256","27745","28991","67.0523261329779"
"6257","27745","28992","67.0523261329779"
"6258","28726","28993","13.7552504242833"
"6259","28768","28994","11.9300852785661"
"6260","28657","28995","17.7467806444392"
"6261","28657","28996","17.7467806444392"
"6262","28657","28997","17.7467806444392"
"6263","28273","28998","37.1347965784842"
"6264","28757","29000","13.075998856609"
"6265","28757","29001","13.075998856609"
"6266","28757","29002","13.075998856609"
"6267","28410","29003","30.4274873720954"
"6268","28667","29004","17.6500248221548"
"6269","28763","29006","12.9467390737227"
"6270","28546","29007","24.9752348934578"
"6271","28546","29008","24.9752348934578"
"6272","28546","29009","24.9752348934578"
"6273","28947","29010","3.11650612732365"
"6274","28947","29011","3.11650612732365"
"6275","28108","29012","45.5435395451927"
"6276","28108","29013","45.5435395451927"
"6277","28658","29014","18.4887057113358"
"6278","28658","29015","18.4887057113358"
"6279","28658","29016","18.4887057113358"
"6280","28658","29017","18.4887057113358"
"6281","28658","29018","18.4887057113358"
"6282","28658","29019","18.4887057113358"
"6283","28658","29020","18.4887057113358"
"6284","28658","29021","18.4887057113358"
"6285","28518","29023","26.6271518301287"
"6286","28932","29024","4.20543371544954"
"6287","28583","29026","23.7259700616789"
"6288","28583","29027","23.7259700616789"
"6289","28918","29028","5.24354764932855"
"6290","28946","29035","4.8266852843019"
"6291","28946","29036","4.8266852843019"
"6292","28946","29037","4.8266852843019"
"6293","28606","29038","23.7690412377146"
"6294","28606","29039","23.7690412377146"
"6295","28747","29040","15.8559517302858"
"6296","28496","29045","29.7507263675705"
"6297","28944","29049","6.0684709626014"
"6298","28944","29050","6.0684709626014"
"6299","28859","29053","9.6238567991486"
"6300","28735","29057","17.5814187133706"
"6301","28735","29058","17.5814187133706"
"6302","28956","29059","5.77265239537542"
"6303","28956","29060","5.77265239537542"
"6304","28956","29061","5.77265239537542"
"6305","28690","29062","19.8140880198259"
"6306","28690","29063","19.8140880198259"
"6307","28500","29064","30.7403551489879"
"6308","28792","29067","15.5907846838675"
"6309","28428","29068","33.7054491616043"
"6310","28428","29069","33.7054491616043"
"6311","28709","29070","19.6513245334927"
"6312","28890","29071","9.57521122652975"
"6313","28890","29072","9.57521122652975"
"6314","28890","29073","9.57521122652975"
"6315","28890","29074","9.57521122652975"
"6316","28890","29075","9.57521122652975"
"6317","28832","29077","13.9687770838791"
"6318","28668","29078","22.0807879717715"
"6319","28908","29081","9.31735079465057"
"6320","28908","29082","9.31735079465057"
"6321","28713","29083","20.0831586304416"
"6322","28123","29086","49.6586132395648"
"6323","28706","29089","20.6724007072487"
"6324","28706","29090","20.6724007072487"
"6325","28257","29091","43.4596639251488"
"6326","27354","29092","97.620404364563"
"6327","28535","29093","31.4010674260512"
"6328","28535","29094","31.4010674260512"
"6329","28535","29095","31.4010674260512"
"6330","28535","29096","31.4010674260512"
"6331","28748","29098","19.6885179016774"
"6332","28895","29101","11.3518212099091"
"6333","28895","29102","11.3518212099091"
"6334","28895","29103","11.3518212099091"
"6335","28811","29104","17.2563163037723"
"6336","28427","29105","36.419968252641"
"6337","29017","29109","6.47066322424939"
"6338","29017","29110","6.47066322424939"
"6339","28283","29111","43.9053213606205"
"6340","28868","29112","12.8633312996742"
"6341","28868","29113","12.8633312996742"
"6342","28868","29114","12.8633312996742"
"6343","28765","29115","19.7807011718346"
"6344","28184","29117","48.9540800287643"
"6345","28734","29119","21.5900430942424"
"6346","28734","29120","21.5900430942424"
"6347","28612","29121","28.4153469755515"
"6348","28202","29122","48.7016881018894"
"6349","28988","29123","9.07808318727984"
"6350","28988","29124","9.07808318727984"
"6351","28675","29125","25.3755638903501"
"6352","28825","29126","18.5495495372622"
"6353","28337","29129","42.1819087911053"
"6354","28828","29130","18.3053141306164"
"6355","29053","29131","5.45039768549645"
"6356","29053","29132","5.45039768549645"
"6357","28752","29136","22.3688975002174"
"6358","28972","29137","10.7704326946825"
"6359","28972","29138","10.7704326946825"
"6360","28972","29139","10.7704326946825"
"6361","28972","29140","10.7704326946825"
"6362","28972","29141","10.7704326946825"
"6363","28836","29142","17.5783211018384"
"6364","28982","29143","10.8821318802077"
"6365","28982","29144","10.8821318802077"
"6366","28252","29145","47.7087933802852"
"6367","28954","29151","12.1116810383317"
"6368","28756","29154","22.9250260397239"
"6369","28756","29155","22.9250260397239"
"6370","28991","29157","10.7264938035494"
"6371","28448","29158","39.1652205741173"
"6372","28448","29159","39.1652205741173"
"6373","28448","29160","39.1652205741173"
"6374","28448","29161","39.1652205741173"
"6375","28448","29162","39.1652205741173"
"6376","28874","29167","15.6792640125072"
"6377","28874","29168","15.6792640125072"
"6378","28874","29169","15.6792640125072"
"6379","28874","29170","15.6792640125072"
"6380","28924","29171","13.869666759766"
"6381","28924","29172","13.869666759766"
"6382","28924","29173","13.869666759766"
"6383","28924","29174","13.869666759766"
"6384","28629","29175","29.8890830449145"
"6385","28816","29182","20.9688234961161"
"6386","28829","29183","20.2968156629156"
"6387","28973","29184","12.2942789019387"
"6388","28556","29185","34.9764211126776"
"6389","28556","29186","34.9764211126776"
"6390","28556","29187","34.9764211126776"
"6391","29003","29188","10.8666990537899"
"6392","29003","29189","10.8666990537899"
"6393","29003","29190","10.8666990537899"
"6394","28727","29191","25.7123466756173"
"6395","28871","29192","16.7608310081846"
"6396","28871","29193","16.7608310081846"
"6397","27751","29197","78.1305781494834"
"6398","28952","29198","14.0179376150272"
"6399","28781","29199","23.1103295686717"
"6400","28855","29202","17.9213755668884"
"6401","28574","29203","34.6842825944411"
"6402","29006","29204","11.3466754344356"
"6403","29006","29205","11.3466754344356"
"6404","28692","29206","27.6143651155171"
"6405","28692","29207","27.6143651155171"
"6406","29010","29209","11.9152527413646"
"6407","28570","29210","35.5781682358415"
"6408","28570","29211","35.5781682358415"
"6409","29104","29215","6.04618034538839"
"6410","28975","29219","14.4810516351736"
"6411","29036","29221","11.1344351979762"
"6412","29036","29222","11.1344351979762"
"6413","29036","29223","11.1344351979762"
"6414","29036","29224","11.1344351979762"
"6415","29036","29225","11.1344351979762"
"6416","28994","29227","13.6689012400925"
"6417","28994","29228","13.6689012400925"
"6418","28994","29229","13.6689012400925"
"6419","28931","29230","16.6307606824541"
"6420","28931","29231","16.6307606824541"
"6421","28931","29232","16.6307606824541"
"6422","28931","29233","16.6307606824541"
"6423","28931","29234","16.6307606824541"
"6424","28931","29235","16.6307606824541"
"6425","28931","29236","16.6307606824541"
"6426","28193","29237","54.9168278430841"
"6427","28193","29238","54.9168278430841"
"6428","28888","29239","18.47367827368"
"6429","28888","29240","18.47367827368"
"6430","28888","29241","18.47367827368"
"6431","28888","29242","18.47367827368"
"6432","28888","29243","18.47367827368"
"6433","28905","29247","17.9891164952116"
"6434","28844","29248","21.2818884064002"
"6435","28892","29253","18.8762614721147"
"6436","28892","29254","18.8762614721147"
"6437","28654","29255","32.792688306952"
"6438","28654","29256","32.792688306952"
"6439","28654","29257","32.792688306952"
"6440","28891","29262","19.1771850620833"
"6441","28623","29263","34.2638418136466"
"6442","28623","29264","34.2638418136466"
"6443","28622","29265","34.3391968432861"
"6444","28622","29266","34.3391968432861"
"6445","29131","29267","6.04763563996107"
"6446","28992","29268","15.5382245091887"
"6447","28992","29269","15.5382245091887"
"6448","28992","29270","15.5382245091887"
"6449","29019","29271","14.3154989209263"
"6450","28346","29272","48.3154201479238"
"6451","28346","29273","48.3154201479238"
"6452","28346","29274","48.3154201479238"
"6453","28790","29292","26.7583467995726"
"6454","29016","29295","14.7446651120094"
"6455","29016","29296","14.7446651120094"
"6456","29117","29297","8.05124026514272"
"6457","29117","29298","8.05124026514272"
"6458","28585","29303","38.2230556217801"
"6459","28996","29305","15.8994242018089"
"6460","28996","29306","15.8994242018089"
"6461","29142","29307","6.3169281256196"
"6462","29142","29308","6.3169281256196"
"6463","29142","29309","6.3169281256196"
"6464","28604","29311","37.4016573639765"
"6465","28604","29312","37.4016573639765"
"6466","28604","29313","37.4016573639765"
"6467","29001","29315","15.7585422637296"
"6468","29001","29316","15.7585422637296"
"6469","29001","29317","15.7585422637296"
"6470","29001","29318","15.7585422637296"
"6471","29001","29319","15.7585422637296"
"6472","29001","29320","15.7585422637296"
"6473","28190","29321","57.5116680064223"
"6474","29145","29322","6.38782266680414"
"6475","29145","29323","6.38782266680414"
"6476","28774","29326","28.6520716032383"
"6477","28877","29327","21.6576744876209"
"6478","28966","29329","18.3093456674812"
"6479","28929","29330","20.0753946416701"
"6480","28856","29333","23.4161343864762"
"6481","28856","29334","23.4161343864762"
"6482","28856","29335","23.4161343864762"
"6483","28856","29336","23.4161343864762"
"6484","28856","29337","23.4161343864762"
"6485","28856","29338","23.4161343864762"
"6486","28856","29339","23.4161343864762"
"6487","28942","29340","20.0176884435762"
"6488","28942","29341","20.0176884435762"
"6489","28903","29342","21.651717823363"
"6490","28903","29343","21.651717823363"
"6491","28903","29344","21.651717823363"
"6492","28903","29345","21.651717823363"
"6493","28903","29346","21.651717823363"
"6494","28903","29347","21.651717823363"
"6495","29096","29348","11.0909560155369"
"6496","28990","29349","18.2280605472986"
"6497","28990","29350","18.2280605472986"
"6498","29130","29356","8.92574408918517"
"6499","28759","29358","30.4754364659807"
"6500","29012","29361","17.8196184174249"
"6501","29317","29365","2.7726259722765"
"6502","29083","29366","13.6897693297133"
"6503","29083","29367","13.6897693297133"
"6504","29083","29368","13.6897693297133"
"6505","29083","29369","13.6897693297133"
"6506","29083","29370","13.6897693297133"
"6507","29083","29371","13.6897693297133"
"6508","29083","29372","13.6897693297133"
"6509","29263","29376","4.69064359718004"
"6510","29263","29377","4.69064359718004"
"6511","29154","29378","8.96642285818848"
"6512","29068","29379","15.0732877186326"
"6513","28879","29381","24.4383727519487"
"6514","28879","29382","24.4383727519487"
"6515","28879","29383","24.4383727519487"
"6516","28879","29384","24.4383727519487"
"6517","28980","29385","20.6123350584257"
"6518","28980","29386","20.6123350584257"
"6519","28894","29387","24.0726280235683"
"6520","28894","29388","24.0726280235683"
"6521","29172","29392","9.25731023007825"
"6522","29141","29393","10.5188415374444"
"6523","28714","29396","35.0472943196351"
"6524","29268","29397","5.16693782761831"
"6525","29268","29398","5.16693782761831"
"6526","29268","29399","5.16693782761831"
"6527","29313","29400","4.25556470159881"
"6528","29313","29401","4.25556470159881"
"6529","28270","29402","57.6430888937402"
"6530","28270","29403","57.6430888937402"
"6531","28270","29404","57.6430888937402"
"6532","28270","29405","57.6430888937402"
"6533","28270","29406","57.6430888937402"
"6534","28497","29407","47.5552936323195"
"6535","28497","29408","47.5552936323195"
"6536","29192","29409","9.27405871657902"
"6537","29192","29410","9.27405871657902"
"6538","29186","29411","9.67267980874658"
"6539","29186","29412","9.67267980874658"
"6540","29186","29413","9.67267980874658"
"6541","28835","29416","29.1321704477807"
"6542","28835","29417","29.1321704477807"
"6543","28835","29418","29.1321704477807"
"6544","29023","29419","20.0839464249291"
"6545","28880","29423","26.2545683405108"
"6546","28989","29424","22.0859042796044"
"6547","29345","29425","4.02466420185874"
"6548","29345","29426","4.02466420185874"
"6549","28531","29427","47.0796318663881"
"6550","29049","29430","18.9053576890738"
"6551","29049","29431","18.9053576890738"
"6552","28775","29432","34.2629471401358"
"6553","28775","29433","34.2629471401358"
"6554","29306","29434","6.62841055656054"
"6555","29330","29436","5.72679606925612"
"6556","29330","29437","5.72679606925612"
"6557","29132","29438","13.6786395585787"
"6558","29132","29439","13.6786395585787"
"6559","29132","29440","13.6786395585787"
"6560","28670","29441","39.7787634789822"
"6561","28670","29442","39.7787634789822"
"6562","28670","29443","39.7787634789822"
"6563","29155","29445","12.537305108383"
"6564","27710","29446","92.5188280536152"
"6565","27710","29447","92.5188280536152"
"6566","29256","29448","8.8445023158672"
"6567","29256","29449","8.8445023158672"
"6568","26192","29450","184.562886999282"
"6569","26192","29451","184.562886999282"
"6570","26192","29452","184.562886999282"
"6571","29188","29466","12.9059446178908"
"6572","29188","29467","12.9059446178908"
"6573","29402","29468","3.71111236586921"
"6574","29402","29469","3.71111236586921"
"6575","29402","29470","3.71111236586921"
"6576","29402","29471","3.71111236586921"
"6577","29402","29472","3.71111236586921"
"6578","29037","29473","22.1746828772641"
"6579","29115","29474","16.9719322712399"
"6580","29404","29475","4.08035347459668"
"6581","29404","29476","4.08035347459668"
"6582","29219","29480","11.4941606046339"
"6583","29219","29481","11.4941606046339"
"6584","28475","29482","52.4039905902923"
"6585","27464","29484","108.985206767202"
"6586","27464","29485","108.985206767202"
"6587","29070","29486","20.6731549303274"
"6588","29070","29487","20.6731549303274"
"6589","29323","29488","8.90210334633321"
"6590","29323","29489","8.90210334633321"
"6591","29238","29493","11.8742178808479"
"6592","29410","29494","4.85300679566853"
"6593","29410","29495","4.85300679566853"
"6594","29203","29496","13.7245611085227"
"6595","28378","29497","57.7873848401709"
"6596","28378","29498","57.7873848401709"
"6597","28378","29499","57.7873848401709"
"6598","29174","29500","15.3564448903958"
"6599","28933","29501","28.9705626661264"
"6600","28933","29502","28.9705626661264"
"6601","29382","29505","6.4507421953283"
"6602","28906","29506","30.2224034384319"
"6603","28917","29507","29.7771400561667"
"6604","26240","29517","184.554538500653"
"6605","26240","29518","184.554538500653"
"6606","29168","29519","15.9821039943042"
"6607","28107","29520","71.2781323010577"
"6608","29198","29521","14.9098442616121"
"6609","29198","29522","14.9098442616121"
"6610","29198","29523","14.9098442616121"
"6611","28831","29525","35.6694880950947"
"6612","29018","29538","26.2912021745105"
"6613","29018","29539","26.2912021745105"
"6614","29018","29540","26.2912021745105"
"6615","29018","29541","26.2912021745105"
"6616","29018","29542","26.2912021745105"
"6617","29338","29543","10.0463341194227"
"6618","29338","29544","10.0463341194227"
"6619","29406","29549","7.06602960276155"
"6620","29406","29550","7.06602960276155"
"6621","29406","29551","7.06602960276155"
"6622","29215","29553","14.6680797935826"
"6623","29221","29564","15.1567794411098"
"6624","29221","29565","15.1567794411098"
"6625","29221","29566","15.1567794411098"
"6626","29092","29569","22.3753590114056"
"6627","29384","29570","9.3853414479297"
"6628","28458","29571","57.5441819897931"
"6629","28458","29572","57.5441819897931"
"6630","28458","29573","57.5441819897931"
"6631","28458","29574","57.5441819897931"
"6632","29193","29575","17.6361714699465"
"6633","29101","29576","22.9653443844429"
"6634","29243","29577","16.322837408507"
"6635","29243","29578","16.322837408507"
"6636","28930","29579","33.1959780921968"
"6637","29466","29580","6.05515857072328"
"6638","28591","29581","52.3426101896689"
"6639","29298","29582","14.7004450525817"
"6640","29298","29583","14.7004450525817"
"6641","28965","29584","31.8820135294679"
"6642","28965","29585","31.8820135294679"
"6643","28965","29586","31.8820135294679"
"6644","28965","29587","31.8820135294679"
"6645","29381","29588","11.0048925637404"
"6646","28712","29589","45.6845919675704"
"6647","28712","29590","45.6845919675704"
"6648","28712","29591","45.6845919675704"
"6649","28712","29592","45.6845919675704"
"6650","28945","29593","33.1481631101158"
"6651","29072","29594","25.7913462954502"
"6652","29072","29595","25.7913462954502"
"6653","28783","29596","41.9245131263656"
"6654","28783","29597","41.9245131263656"
"6655","28997","29598","30.7526331091728"
"6656","29473","29599","6.308483489031"
"6657","29473","29600","6.308483489031"
"6658","29078","29604","26.1128927598411"
"6659","29078","29605","26.1128927598411"
"6660","29078","29606","26.1128927598411"
"6661","28449","29609","60.1993930865933"
"6662","28449","29610","60.1993930865933"
"6663","28449","29611","60.1993930865933"
"6664","29383","29612","11.8324922618831"
"6665","29136","29617","22.4412519781608"
"6666","29136","29618","22.4412519781608"
"6667","28937","29619","34.628263061418"
"6668","28849","29620","38.8442419506698"
"6669","29319","29621","15.7204610257656"
"6670","29296","29623","16.8020289251906"
"6671","29296","29624","16.8020289251906"
"6672","29296","29625","16.8020289251906"
"6673","28707","29626","47.5923347114647"
"6674","28707","29627","47.5923347114647"
"6675","28707","29628","47.5923347114647"
"6676","29204","29629","20.5003347900094"
"6677","29494","29635","6.93509246357803"
"6678","29388","29636","13.039683982731"
"6679","29297","29637","17.0797052370081"
"6680","29349","29638","15.4660458927626"
"6681","29372","29639","14.1606180712524"
"6682","29372","29640","14.1606180712524"
"6683","29346","29641","15.6175780913661"
"6684","29346","29642","15.6175780913661"
"6685","29565","29643","4.66305353391613"
"6686","29138","29645","23.8575159253189"
"6687","29232","29647","19.955513992566"
"6688","29505","29649","7.65754165841918"
"6689","29109","29650","26.5505501927523"
"6690","29167","29651","23.478261044278"
"6691","29167","29652","23.478261044278"
"6692","29167","29653","23.478261044278"
"6693","29451","29656","10.6839355261404"
"6694","28915","29657","38.1003823881304"
"6695","28812","29660","44.9782215967621"
"6696","29159","29667","24.6303017077896"
"6697","29159","29668","24.6303017077896"
"6698","29241","29670","21.3576703429544"
"6699","29344","29673","17.9594447792092"
"6700","29344","29674","17.9594447792092"
"6701","29416","29675","14.4025251905823"
"6702","29416","29676","14.4025251905823"
"6703","29448","29679","12.6060937002796"
"6704","29408","29680","14.8728019079726"
"6705","29370","29681","16.8473505847674"
"6706","29397","29683","15.6617788558663"
"6707","29397","29684","15.6617788558663"
"6708","29091","29685","29.900506826192"
"6709","29653","29686","2.23135534624544"
"6710","29418","29687","15.1711021863514"
"6711","29418","29688","15.1711021863514"
"6712","29418","29689","15.1711021863514"
"6713","29350","29690","18.7351572922091"
"6714","29103","29691","29.5366484634274"
"6715","29103","29692","29.5366484634274"
"6716","29103","29693","29.5366484634274"
"6717","29103","29694","29.5366484634274"
"6718","29009","29695","35.8897524895408"
"6719","29223","29699","23.4871721658883"
"6720","29223","29700","23.4871721658883"
"6721","29223","29701","23.4871721658883"
"6722","29223","29702","23.4871721658883"
"6723","29223","29703","23.4871721658883"
"6724","29223","29704","23.4871721658883"
"6725","29543","29707","9.78210616737397"
"6726","29543","29708","9.78210616737397"
"6727","29315","29709","21.0063845576915"
"6728","29157","29713","27.0750200860082"
"6729","29157","29714","27.0750200860082"
"6730","29638","29715","4.46594336404519"
"6731","29638","29716","4.46594336404519"
"6732","29638","29717","4.46594336404519"
"6733","29638","29718","4.46594336404519"
"6734","28766","29719","49.8204248496802"
"6735","29660","29720","2.90558539209405"
"6736","29660","29721","2.90558539209405"
"6737","29403","29723","17.5947788479396"
"6738","29411","29724","17.2840386920459"
"6739","29411","29725","17.2840386920459"
"6740","29411","29726","17.2840386920459"
"6741","29237","29727","24.4749001416246"
"6742","29237","29728","24.4749001416246"
"6743","29237","29729","24.4749001416246"
"6744","29292","29734","22.8337771829345"
"6745","29236","29735","24.9832964455882"
"6746","29236","29736","24.9832964455882"
"6747","29236","29737","24.9832964455882"
"6748","29236","29738","24.9832964455882"
"6749","29071","29739","33.6876157689051"
"6750","29071","29740","33.6876157689051"
"6751","29595","29745","8.08937260066955"
"6752","29446","29746","15.91142996857"
"6753","29257","29749","24.7776581081059"
"6754","29257","29750","24.7776581081059"
"6755","29257","29751","24.7776581081059"
"6756","29257","29752","24.7776581081059"
"6757","29541","29753","11.8650954220666"
"6758","29541","29754","11.8650954220666"
"6759","28492","29755","65.803376011715"
"6760","29611","29756","7.64769726413965"
"6761","29274","29757","23.8595016096122"
"6762","29274","29758","23.8595016096122"
"6763","29274","29759","23.8595016096122"
"6764","29588","29760","8.54248535244255"
"6765","29667","29761","4.18979754800466"
"6766","29667","29762","4.18979754800466"
"6767","28893","29766","43.6812258102411"
"6768","28893","29767","43.6812258102411"
"6769","29621","29768","7.4036247332042"
"6770","28926","29771","42.5713939853988"
"6771","29409","29774","18.9465442056774"
"6772","29609","29775","8.39571094243274"
"6773","29549","29776","12.2789532561119"
"6774","29549","29777","12.2789532561119"
"6775","28976","29778","41.1112015470594"
"6776","28773","29785","52.2962073487395"
"6777","29727","29789","2.21295057056273"
"6778","29061","29790","36.5695989007293"
"6779","29184","29791","29.4484294658498"
"6780","27976","29795","93.150276807105"
"6781","29695","29797","4.20971628819757"
"6782","29695","29798","4.20971628819757"
"6783","29695","29799","4.20971628819757"
"6784","29347","29800","23.2535673069933"
"6785","29347","29801","23.2535673069933"
"6786","29347","29802","23.2535673069933"
"6787","29347","29803","23.2535673069933"
"6788","29347","29804","23.2535673069933"
"6789","29520","29808","14.5306008122168"
"6790","29520","29809","14.5306008122168"
"6791","29571","29810","12.020992893192"
"6792","29571","29811","12.020992893192"
"6793","29571","29812","12.020992893192"
"6794","29571","29813","12.020992893192"
"6795","28269","29814","78.1715708834784"
"6796","29590","29815","10.5667500894626"
"6797","29590","29816","10.5667500894626"
"6798","29590","29817","10.5667500894626"
"6799","29590","29818","10.5667500894626"
"6800","29498","29820","15.6145632495309"
"6801","29498","29821","15.6145632495309"
"6802","29498","29822","15.6145632495309"
"6803","27996","29823","92.7057254003694"
"6804","27996","29824","92.7057254003694"
"6805","29197","29825","29.8975618563777"
"6806","29197","29826","29.8975618563777"
"6807","29687","29827","5.27801587385375"
"6808","29687","29828","5.27801587385375"
"6809","29693","29829","5.43217661537869"
"6810","29321","29830","26.3512321296505"
"6811","29321","29831","26.3512321296505"
"6812","29321","29832","26.3512321296505"
"6813","29605","29834","11.8140483823854"
"6814","29605","29835","11.8140483823854"
"6815","29605","29836","11.8140483823854"
"6816","29605","29837","11.8140483823854"
"6817","29605","29838","11.8140483823854"
"6818","29605","29839","11.8140483823854"
"6819","29688","29841","6.81865921672534"
"6820","29450","29847","20.3297888152936"
"6821","29803","29848","3.03411015635038"
"6822","28902","29854","48.1050370528994"
"6823","28902","29855","48.1050370528994"
"6824","29021","29856","43.106004966816"
"6825","29668","29857","9.01047787351922"
"6826","29668","29858","9.01047787351922"
"6827","29668","29859","9.01047787351922"
"6828","29623","29860","11.6449010261492"
"6829","29623","29861","11.6449010261492"
"6830","29227","29862","30.6240776976731"
"6831","29227","29863","30.6240776976731"
"6832","29158","29864","33.9646804944398"
"6833","29519","29865","18.0366322131697"
"6834","29519","29866","18.0366322131697"
"6835","29519","29867","18.0366322131697"
"6836","29519","29868","18.0366322131697"
"6837","28955","29869","46.4919860299763"
"6838","28955","29870","46.4919860299763"
"6839","29675","29871","9.03285666159741"
"6840","29675","29872","9.03285666159741"
"6841","29739","29873","6.04812955668081"
"6842","29480","29874","19.942213422087"
"6843","29620","29875","13.0865258405358"
"6844","29082","29877","39.8234898997307"
"6845","29401","29881","24.8987267316143"
"6846","29649","29893","11.9054709329041"
"6847","29691","29894","9.23611821370719"
"6848","29691","29895","9.23611821370719"
"6849","29691","29896","9.23611821370719"
"6850","29673","29897","10.2180042395041"
"6851","29327","29898","29.0864095568795"
"6852","29327","29899","29.0864095568795"
"6853","29714","29900","8.55141835085374"
"6854","29656","29901","11.8416139251092"
"6855","29656","29902","11.8416139251092"
"6856","29656","29903","11.8416139251092"
"6857","29544","29906","18.9893303911576"
"6858","28592","29908","68.5199751170433"
"6859","29337","29910","29.3445557745758"
"6860","29643","29911","13.6155603674722"
"6861","29643","29912","13.6155603674722"
"6862","29593","29918","16.5441755469003"
"6863","29593","29919","16.5441755469003"
"6864","29718","29921","9.78139817162514"
"6865","29550","29922","19.9070249336855"
"6866","29689","29924","11.386150911183"
"6867","28561","29925","71.4285802023869"
"6868","29642","29928","14.8315440225017"
"6869","29657","29929","13.9800805298946"
"6870","29506","29930","22.2516969343837"
"6871","29506","29931","22.2516969343837"
"6872","29506","29932","22.2516969343837"
"6873","29407","29933","27.5642833486027"
"6874","29407","29934","27.5642833486027"
"6875","29407","29935","27.5642833486027"
"6876","29407","29936","27.5642833486027"
"6877","29525","29937","21.7856451734492"
"6878","29525","29938","21.7856451734492"
"6879","28898","29940","53.0634724708375"
"6880","29760","29948","10.0425955361175"
"6881","29760","29949","10.0425955361175"
"6882","29650","29950","15.4496550730432"
"6883","29751","29951","10.474787947649"
"6884","29751","29952","10.474787947649"
"6885","29826","29953","8.02988893972156"
"6886","29826","29954","8.02988893972156"
"6887","29826","29955","8.02988893972156"
"6888","29826","29956","8.02988893972156"
"6889","29826","29957","8.02988893972156"
"6890","29829","29959","7.87389100857808"
"6891","29829","29960","7.87389100857808"
"6892","29585","29961","19.4507222503526"
"6893","29585","29962","19.4507222503526"
"6894","29585","29963","19.4507222503526"
"6895","29585","29964","19.4507222503526"
"6896","29426","29965","28.3342219073613"
"6897","29426","29966","28.3342219073613"
"6898","29827","29967","8.38780988261215"
"6899","29758","29968","10.9876428981995"
"6900","29575","29969","20.9195790752003"
"6901","29469","29970","25.9053716523404"
"6902","29469","29971","25.9053716523404"
"6903","29469","29972","25.9053716523404"
"6904","29469","29973","25.9053716523404"
"6905","29606","29980","19.2836358389729"
"6906","29738","29981","11.9237132563526"
"6907","29750","29982","11.4769759566839"
"6908","29790","29983","10.0732861869446"
"6909","29790","29984","10.0732861869446"
"6910","29365","29985","31.6234874615218"
"6911","29365","29986","31.6234874615218"
"6912","29270","29987","35.7349230969508"
"6913","29270","29988","35.7349230969508"
"6914","29270","29989","35.7349230969508"
"6915","29119","29990","43.0598480230051"
"6916","29785","29991","10.7048020053235"
"6917","29785","29992","10.7048020053235"
"6918","29045","29997","48.1371358678725"
"6919","29045","29998","48.1371358678725"
"6920","29045","29999","48.1371358678725"
"6921","29839","30005","8.30602955472136"
"6922","29839","30006","8.30602955472136"
"6923","29144","30008","41.3515033494562"
"6924","29674","30009","15.9560773579105"
"6925","29875","30019","7.30124283179862"
"6926","28528","30020","77.3633636974714"
"6927","28528","30021","77.3633636974714"
"6928","28528","30022","77.3633636974714"
"6929","29670","30024","17.3188628780308"
"6930","29670","30025","17.3188628780308"
"6931","28827","30029","62.0831642166879"
"6932","28827","30030","62.0831642166879"
"6933","29929","30031","4.5007910627869"
"6934","29918","30032","5.60682439083052"
"6935","29804","30040","12.0751770781733"
"6936","29804","30041","12.0751770781733"
"6937","29804","30042","12.0751770781733"
"6938","28912","30043","56.9427941366007"
"6939","29522","30044","26.6671883725339"
"6940","29522","30045","26.6671883725339"
"6941","28983","30046","54.0333940209143"
"6942","29754","30049","14.8711126522555"
"6943","29754","30050","14.8711126522555"
"6944","28974","30051","55.1418665114338"
"6945","28974","30052","55.1418665114338"
"6946","29749","30055","15.4556221894973"
"6947","29295","30057","39.0260349401153"
"6948","29295","30058","39.0260349401153"
"6949","29857","30059","10.701497490973"
"6950","29137","30065","45.3275091646826"
"6951","29137","30066","45.3275091646826"
"6952","29440","30070","32.3273204131112"
"6953","29440","30071","32.3273204131112"
"6954","29704","30072","18.0774938895604"
"6955","29869","30073","10.471192913461"
"6956","30030","30074","2.32190893596521"
"6957","30030","30075","2.32190893596521"
"6958","29854","30076","11.1296580929368"
"6959","29702","30077","18.1862984006932"
"6960","29864","30078","10.7814660355309"
"6961","29864","30079","10.7814660355309"
"6962","29864","30080","10.7814660355309"
"6963","29864","30081","10.7814660355309"
"6964","29864","30082","10.7814660355309"
"6965","29452","30085","31.8472162468083"
"6966","29452","30086","31.8472162468083"
"6967","29837","30087","12.5559978614783"
"6968","29676","30088","20.0526642519642"
"6969","29856","30090","11.7181035198857"
"6970","29795","30093","15.2745428765322"
"6971","29795","30094","15.2745428765322"
"6972","29482","30095","31.6017651229492"
"6973","29713","30096","19.4143179905866"
"6974","29600","30097","26.1745952465485"
"6975","29600","30098","26.1745952465485"
"6976","29336","30100","40.5555481091465"
"6977","29957","30101","8.36729371508727"
"6978","29894","30102","12.2518299605499"
"6979","29894","30103","12.2518299605499"
"6980","29894","30104","12.2518299605499"
"6981","29305","30107","42.3531793171985"
"6982","29305","30108","42.3531793171985"
"6983","29305","30109","42.3531793171985"
"6984","29305","30110","42.3531793171985"
"6985","29955","30111","8.90516426642785"
"6986","29570","30115","29.8460458897232"
"6987","29867","30116","14.324890312527"
"6988","29951","30117","9.4056785755763"
"6989","29991","30119","8.4024449882711"
"6990","29991","30120","8.4024449882711"
"6991","29264","30121","44.8508481506419"
"6992","29962","30122","9.48584320208079"
"6993","29507","30123","33.366085848801"
"6994","30050","30127","5.88815172907198"
"6995","30022","30128","7.78628961690333"
"6996","29873","30129","15.49494044067"
"6997","30046","30132","7.03509274883118"
"6998","30046","30133","7.03509274883118"
"6999","29919","30142","13.5457826754964"
"7000","29775","30143","21.0998044860808"
"7001","29775","30144","21.0998044860808"
"7002","28744","30145","74.1333716891199"
"7003","29745","30151","22.4196843480463"
"7004","29745","30152","22.4196843480463"
"7005","29745","30153","22.4196843480463"
"7006","29745","30154","22.4196843480463"
"7007","29175","30155","50.667199134507"
"7008","29717","30157","23.7513651778843"
"7009","29950","30158","11.9718964985625"
"7010","29539","30159","34.2568257968064"
"7011","29539","30160","34.2568257968064"
"7012","29832","30161","18.9086134901088"
"7013","29832","30162","18.9086134901088"
"7014","29832","30163","18.9086134901088"
"7015","29832","30164","18.9086134901088"
"7016","29872","30168","17.2115133250868"
"7017","29872","30169","17.2115133250868"
"7018","29872","30170","17.2115133250868"
"7019","29326","30171","45.2528191552469"
"7020","29326","30172","45.2528191552469"
"7021","29326","30173","45.2528191552469"
"7022","29326","30174","45.2528191552469"
"7023","28196","30176","103.15439131279"
"7024","29953","30179","12.6866605840764"
"7025","29953","30180","12.6866605840764"
"7026","29569","30191","34.2026581076668"
"7027","29412","30192","42.1842481832612"
"7028","29412","30193","42.1842481832612"
"7029","29412","30194","42.1842481832612"
"7030","29412","30195","42.1842481832612"
"7031","29412","30196","42.1842481832612"
"7032","29412","30197","42.1842481832612"
"7033","29690","30198","26.9449184762877"
"7034","30120","30199","4.00473485080533"
"7035","30120","30200","4.00473485080533"
"7036","29063","30201","59.3222348265103"
"7037","29591","30202","32.8935212567133"
"7038","29591","30203","32.8935212567133"
"7039","29591","30204","32.8935212567133"
"7040","29591","30205","32.8935212567133"
"7041","29897","30206","17.8995838253816"
"7042","29896","30207","18.207423233438"
"7043","29896","30208","18.207423233438"
"7044","29683","30210","28.0623134946991"
"7045","30085","30211","8.71969949898016"
"7046","29488","30212","38.6942066328352"
"7047","29488","30213","38.6942066328352"
"7048","29488","30214","38.6942066328352"
"7049","29488","30215","38.6942066328352"
"7050","29488","30216","38.6942066328352"
"7051","30021","30219","11.9614412137378"
"7052","30021","30220","11.9614412137378"
"7053","30095","30224","7.94226770113596"
"7054","29968","30228","14.8534550475297"
"7055","29968","30229","14.8534550475297"
"7056","29928","30233","17.1310747155271"
"7057","30129","30234","5.03582758611333"
"7058","30129","30235","5.03582758611333"
"7059","30129","30236","5.03582758611333"
"7060","30129","30237","5.03582758611333"
"7061","30129","30238","5.03582758611333"
"7062","30129","30239","5.03582758611333"
"7063","30129","30240","5.03582758611333"
"7064","30129","30241","5.03582758611333"
"7065","29963","30242","15.4491926877231"
"7066","30081","30243","10.2209703933456"
"7067","29553","30246","37.8495977632645"
"7068","29798","30247","24.761902190809"
"7069","29798","30248","24.761902190809"
"7070","29798","30249","24.761902190809"
"7071","29798","30250","24.761902190809"
"7072","29316","30254","49.6754563709305"
"7073","30032","30255","13.097527767776"
"7074","30032","30256","13.097527767776"
"7075","30032","30257","13.097527767776"
"7076","30032","30258","13.097527767776"
"7077","30032","30259","13.097527767776"
"7078","30032","30260","13.097527767776"
"7079","29835","30261","22.9929850237593"
"7080","29379","30270","46.8417176116513"
"7081","29701","30271","29.4979428866545"
"7082","29701","30272","29.4979428866545"
"7083","29701","30273","29.4979428866545"
"7084","29778","30274","26.5626590400268"
"7085","29647","30279","33.1488843707327"
"7086","28970","30284","68.0837853393944"
"7087","28970","30285","68.0837853393944"
"7088","30025","30287","14.9673105104191"
"7089","30152","30288","6.32064951322627"
"7090","29716","30290","30.5425709533538"
"7091","30160","30291","6.64084457830859"
"7092","30160","30292","6.64084457830859"
"7093","30160","30293","6.64084457830859"
"7094","30160","30294","6.64084457830859"
"7095","30160","30295","6.64084457830859"
"7096","30160","30296","6.64084457830859"
"7097","29610","30300","37.1898916863622"
"7098","29610","30301","37.1898916863622"
"7099","28436","30302","97.6190155445206"
"7100","28436","30303","97.6190155445206"
"7101","28436","30304","97.6190155445206"
"7102","28436","30305","97.6190155445206"
"7103","29969","30306","18.52706894173"
"7104","29969","30307","18.52706894173"
"7105","29120","30310","61.0319037775607"
"7106","29120","30311","61.0319037775607"
"7107","29120","30312","61.0319037775607"
"7108","29120","30313","61.0319037775607"
"7109","30008","30314","17.4710909775877"
"7110","29868","30315","24.5227584986233"
"7111","30070","30316","14.056020490304"
"7112","29812","30317","28.0077105849705"
"7113","29812","30318","28.0077105849705"
"7114","30201","30319","5.65051563268867"
"7115","30201","30320","5.65051563268867"
"7116","30201","30321","5.65051563268867"
"7117","29934","30322","20.6704031905301"
"7118","28857","30325","75.3271304582008"
"7119","29269","30330","55.1741708827349"
"7120","30143","30332","9.4247696529992"
"7121","30093","30336","14.8107744533684"
"7122","30144","30338","9.99543649546308"
"7123","30145","30340","10.0684099196437"
"7124","30235","30345","6.30343337210115"
"7125","29831","30346","28.9125531591487"
"7126","30237","30350","6.58722682037683"
"7127","30237","30351","6.58722682037683"
"7128","30237","30352","6.58722682037683"
"7129","30104","30353","13.8444743395955"
"7130","30104","30354","13.8444743395955"
"7131","29836","30356","28.9226523893456"
"7132","29836","30357","28.9226523893456"
"7133","29253","30358","57.7586516036554"
"7134","30200","30359","8.73174090444559"
"7135","30254","30363","6.45408464680713"
"7136","29752","30364","33.4520538423276"
"7137","29752","30365","33.4520538423276"
"7138","29752","30366","33.4520538423276"
"7139","29725","30367","34.4539701019246"
"7140","29828","30368","30.98306760643"
"7141","29828","30369","30.98306760643"
"7142","29935","30374","24.3465616091107"
"7143","29935","30375","24.3465616091107"
"7144","29935","30376","24.3465616091107"
"7145","29935","30377","24.3465616091107"
"7146","29817","30378","31.6827867900372"
"7147","30077","30379","17.7598046753092"
"7148","30055","30380","18.415716676823"
"7149","30171","30385","11.0301794528964"
"7150","30171","30386","11.0301794528964"
"7151","29385","30389","53.69667978847"
"7152","29617","30390","41.5944256571397"
"7153","30240","30398","8.66426961829598"
"7154","30192","30402","11.2445642982241"
"7155","30192","30403","11.2445642982241"
"7156","30043","30405","21.44180187542"
"7157","30065","30406","19.550132842659"
"7158","30065","30407","19.550132842659"
"7159","30163","30408","13.0889979257997"
"7160","30163","30409","13.0889979257997"
"7161","30163","30410","13.0889979257997"
"7162","30163","30411","13.0889979257997"
"7163","30041","30413","21.8697222256208"
"7164","30103","30415","16.9825383417299"
"7165","30164","30419","13.429412455579"
"7166","29922","30420","27.7571339803003"
"7167","29922","30421","27.7571339803003"
"7168","27381","30422","165.506481648014"
"7169","30376","30423","2.83455859655282"
"7170","29797","30424","35.153187688047"
"7171","29639","30425","42.8290109400091"
"7172","29639","30426","42.8290109400091"
"7173","30287","30427","8.61261278125858"
"7174","29985","30428","25.5000713711163"
"7175","29985","30429","25.5000713711163"
"7176","29985","30430","25.5000713711163"
"7177","29441","30433","53.5554922469769"
"7178","29441","30434","53.5554922469769"
"7179","30191","30435","13.3175642887281"
"7180","29102","30436","69.5834680434898"
"7181","30306","30438","8.08733962583642"
"7182","30306","30439","8.08733962583642"
"7183","30306","30440","8.08733962583642"
"7184","30306","30441","8.08733962583642"
"7185","30306","30442","8.08733962583642"
"7186","30273","30448","10.7508902615471"
"7187","30320","30449","8.18742246235888"
"7188","29542","30451","50.3833384938382"
"7189","29542","30452","50.3833384938382"
"7190","29542","30453","50.3833384938382"
"7191","29900","30457","32.3921792939243"
"7192","29900","30458","32.3921792939243"
"7193","29900","30459","32.3921792939243"
"7194","29900","30460","32.3921792939243"
"7195","29900","30461","32.3921792939243"
"7196","28815","30463","89.0162841286567"
"7197","30336","30464","7.98383536835263"
"7198","29865","30466","34.4077943290276"
"7199","29865","30467","34.4077943290276"
"7200","29865","30468","34.4077943290276"
"7201","29865","30469","34.4077943290276"
"7202","29865","30470","34.4077943290276"
"7203","30042","30471","26.1239654459487"
"7204","30042","30472","26.1239654459487"
"7205","29899","30476","33.5037166471182"
"7206","29468","30479","55.4016464343263"
"7207","29468","30480","55.4016464343263"
"7208","29949","30481","30.787070229122"
"7209","29447","30482","57.0321847879898"
"7210","29987","30483","29.2570333308818"
"7211","29987","30484","29.2570333308818"
"7212","30109","30485","21.9112183545233"
"7213","30109","30486","21.9112183545233"
"7214","30109","30487","21.9112183545233"
"7215","30224","30488","15.8783669315592"
"7216","30224","30489","15.8783669315592"
"7217","30224","30490","15.8783669315592"
"7218","30224","30491","15.8783669315592"
"7219","30285","30492","13.6804752168446"
"7220","30285","30493","13.6804752168446"
"7221","30311","30503","11.9450030470398"
"7222","30311","30504","11.9450030470398"
"7223","30311","30505","11.9450030470398"
"7224","30311","30506","11.9450030470398"
"7225","30390","30508","8.00617218419779"
"7226","30300","30512","13.0865761141276"
"7227","29272","30513","66.6847716293316"
"7228","29272","30514","66.6847716293316"
"7229","30168","30516","20.4811569081576"
"7230","29651","30517","48.8583100881476"
"7231","29651","30518","48.8583100881476"
"7232","29651","30519","48.8583100881476"
"7233","30354","30520","11.0567392411854"
"7234","29129","30521","74.2803227620104"
"7235","29129","30522","74.2803227620104"
"7236","29791","30523","42.5933764557847"
"7237","29971","30524","33.2918741121955"
"7238","29971","30525","33.2918741121955"
"7239","29971","30526","33.2918741121955"
"7240","30248","30529","18.013045057641"
"7241","30193","30530","20.7687612581792"
"7242","30357","30531","12.0504656633284"
"7243","30357","30532","12.0504656633284"
"7244","29171","30536","73.913314508904"
"7245","29171","30537","73.913314508904"
"7246","29171","30538","73.913314508904"
"7247","29171","30539","73.913314508904"
"7248","29171","30540","73.913314508904"
"7249","28511","30541","110.048681551034"
"7250","28511","30542","110.048681551034"
"7251","30438","30543","7.95918647867165"
"7252","30439","30545","8.13449867165536"
"7253","30261","30546","19.0800704029784"
"7254","30430","30547","9.00644256597411"
"7255","30457","30548","6.79611984297458"
"7256","29700","30549","48.2136085555212"
"7257","30363","30551","12.9649726719815"
"7258","30363","30552","12.9649726719815"
"7259","29728","30553","47.2412032543286"
"7260","29728","30554","47.2412032543286"
"7261","30194","30555","22.467492692417"
"7262","29077","30557","80.5636199250143"
"7263","29077","30558","80.5636199250143"
"7264","29077","30559","80.5636199250143"
"7265","29077","30560","80.5636199250143"
"7266","30057","30561","31.2736037897864"
"7267","30470","30562","7.05657641312155"
"7268","29229","30563","72.7954706244925"
"7269","30503","30564","5.65558486350142"
"7270","30340","30565","15.5315417053503"
"7271","30206","30566","23.0114422569893"
"7272","30206","30567","23.0114422569893"
"7273","30206","30568","23.0114422569893"
"7274","30402","30570","12.4211384234122"
"7275","29988","30571","35.8505862537613"
"7276","29813","30578","46.0018710600493"
"7277","29813","30579","46.0018710600493"
"7278","30332","30585","17.0284187185698"
"7279","30524","30588","4.14299145290033"
"7280","30142","30594","26.9102665265107"
"7281","30142","30595","26.9102665265107"
"7282","30530","30596","3.82568967732027"
"7283","30075","30597","32.7873156637102"
"7284","30338","30599","17.5540922122125"
"7285","29777","30601","48.7442738055302"
"7286","29777","30602","48.7442738055302"
"7287","29777","30603","48.7442738055302"
"7288","30588","30606","1.29891011015889"
"7289","30519","30609","6.1812200095801"
"7290","30428","30610","12.9757493872003"
"7291","30428","30611","12.9757493872003"
"7292","30428","30612","12.9757493872003"
"7293","30428","30613","12.9757493872003"
"7294","29895","30614","43.580516623259"
"7295","29895","30615","43.580516623259"
"7296","29789","30616","48.9853151522721"
"7297","30228","30617","24.5648068070341"
"7298","30508","30618","8.22956668188749"
"7299","30508","30619","8.22956668188749"
"7300","30508","30620","8.22956668188749"
"7301","30508","30621","8.22956668188749"
"7302","30508","30622","8.22956668188749"
"7303","30508","30623","8.22956668188749"
"7304","30321","30633","21.1008115595678"
"7305","30321","30634","21.1008115595678"
"7306","30321","30635","21.1008115595678"
"7307","30491","30640","10.0779062069059"
"7308","30491","30641","10.0779062069059"
"7309","29471","30643","66.346897475398"
"7310","30291","30645","22.8751007746439"
"7311","30291","30646","22.8751007746439"
"7312","30291","30647","22.8751007746439"
"7313","29538","30648","63.8918761548287"
"7314","29538","30649","63.8918761548287"
"7315","30406","30650","16.6436715856723"
"7316","30506","30651","10.4055958377471"
"7317","30365","30652","18.8980211065875"
"7318","30467","30653","12.5940528355707"
"7319","30467","30654","12.5940528355707"
"7320","30467","30655","12.5940528355707"
"7321","30467","30656","12.5940528355707"
"7322","30407","30657","17.111356304772"
"7323","30407","30658","17.111356304772"
"7324","30451","30659","14.4428178673597"
"7325","30481","30666","12.5014061101856"
"7326","30481","30667","12.5014061101856"
"7327","30481","30668","12.5014061101856"
"7328","30481","30669","12.5014061101856"
"7329","30019","30673","40.9628461348439"
"7330","30019","30674","40.9628461348439"
"7331","30019","30675","40.9628461348439"
"7332","28541","30676","117.870076333217"
"7333","28904","30680","97.5336217850254"
"7334","30319","30681","24.5669406561171"
"7335","30560","30683","8.09121692836152"
"7336","30560","30684","8.09121692836152"
"7337","30560","30685","8.09121692836152"
"7338","30560","30686","8.09121692836152"
"7339","29871","30687","49.1076123635701"
"7340","29871","30688","49.1076123635701"
"7341","29871","30689","49.1076123635701"
"7342","29564","30690","65.2154195957921"
"7343","30345","30691","22.4051937187501"
"7344","28289","30692","130.067129426519"
"7345","28289","30693","130.067129426519"
"7346","30325","30694","25.0359435178054"
"7347","30325","30695","25.0359435178054"
"7348","30489","30696","14.003056939423"
"7349","30489","30697","14.003056939423"
"7350","30459","30698","16.1568280747167"
"7351","30459","30699","16.1568280747167"
"7352","30176","30700","32.4196444726031"
"7353","30316","30702","25.5479522886096"
"7354","30198","30705","31.5153401221012"
"7355","30198","30706","31.5153401221012"
"7356","30198","30707","31.5153401221012"
"7357","30539","30708","10.4492612299596"
"7358","30539","30709","10.4492612299596"
"7359","30539","30710","10.4492612299596"
"7360","30427","30711","18.9777852675886"
"7361","30610","30716","6.37623320410626"
"7362","30601","30717","6.80715250484945"
"7363","30483","30721","15.5372189065531"
"7364","28698","30722","110.793259079417"
"7365","30635","30723","5.59827100136158"
"7366","30635","30724","5.59827100136158"
"7367","30691","30725","2.00793762836338"
"7368","30691","30726","2.00793762836338"
"7369","30691","30727","2.00793762836338"
"7370","29573","30728","66.9026716873841"
"7371","29573","30729","66.9026716873841"
"7372","29573","30730","66.9026716873841"
"7373","30436","30732","19.5460670983132"
"7374","30555","30733","10.5523099180286"
"7375","30709","30734","1.41974228810591"
"7376","30619","30735","6.98098353021396"
"7377","30619","30736","6.98098353021396"
"7378","29487","30737","71.3401974564331"
"7379","29487","30738","71.3401974564331"
"7380","29487","30739","71.3401974564331"
"7381","29487","30740","71.3401974564331"
"7382","29485","30742","71.6537894260741"
"7383","29485","30743","71.6537894260741"
"7384","29485","30744","71.6537894260741"
"7385","29225","30748","83.2720545937705"
"7386","30380","30755","24.1612960124201"
"7387","30380","30756","24.1612960124201"
"7388","30380","30757","24.1612960124201"
"7389","30380","30758","24.1612960124201"
"7390","30380","30759","24.1612960124201"
"7391","30380","30760","24.1612960124201"
"7392","30380","30761","24.1612960124201"
"7393","30520","30762","14.221703059706"
"7394","30520","30763","14.221703059706"
"7395","30204","30766","33.8400491028563"
"7396","30536","30772","12.9680086064748"
"7397","30536","30773","12.9680086064748"
"7398","29877","30774","52.3869292601164"
"7399","30211","30775","33.5569544354403"
"7400","29160","30778","87.7477031016756"
"7401","29160","30779","87.7477031016756"
"7402","29267","30780","83.2778801236261"
"7403","30379","30785","25.5698592023425"
"7404","30229","30788","33.6513037717825"
"7405","30288","30790","31.1880240335133"
"7406","30288","30791","31.1880240335133"
"7407","30452","30792","21.2393857098953"
"7408","29870","30793","54.4659784247478"
"7409","26747","30794","229.106292510073"
"7410","26747","30795","229.106292510073"
"7411","30346","30796","27.7225788243902"
"7412","30346","30797","27.7225788243902"
"7413","30618","30798","9.76774915238821"
"7414","30618","30799","9.76774915238821"
"7415","30728","30802","3.71695160686795"
"7416","30728","30803","3.71695160686795"
"7417","30301","30808","31.3423301673192"
"7418","30301","30809","31.3423301673192"
"7419","30744","30810","3.30308184118121"
"7420","30545","30811","15.3631837482528"
"7421","30052","30813","46.3637947505867"
"7422","29062","30814","96.4484436919386"
"7423","29062","30815","96.4484436919386"
"7424","29062","30816","96.4484436919386"
"7425","29062","30817","96.4484436919386"
"7426","30689","30818","6.84300073565032"
"7427","30689","30819","6.84300073565032"
"7428","30554","30822","15.1578818292212"
"7429","30614","30823","11.6469173634509"
"7430","30448","30824","23.7781749052608"
"7431","30448","30825","23.7781749052608"
"7432","29921","30826","54.0112566097321"
"7433","29921","30827","54.0112566097321"
"7434","29309","30829","85.5915011256754"
"7435","30076","30830","46.4571759364903"
"7436","29439","30838","79.00300454749"
"7437","29439","30839","79.00300454749"
"7438","29439","30840","79.00300454749"
"7439","29439","30841","79.00300454749"
"7440","29938","30843","53.238883159622"
"7441","30153","30844","40.6898362293682"
"7442","30531","30845","18.212093878559"
"7443","29707","30846","65.0687775796853"
"7444","29707","30847","65.0687775796853"
"7445","29707","30848","65.0687775796853"
"7446","30688","30849","8.53521668108669"
"7447","30540","30868","19.2120114810648"
"7448","30540","30869","19.2120114810648"
"7449","29848","30870","59.9324994027827"
"7450","30673","30871","10.6943876147466"
"7451","30673","30872","10.6943876147466"
"7452","30579","30873","17.1216793501439"
"7453","30579","30874","17.1216793501439"
"7454","30579","30875","17.1216793501439"
"7455","30579","30876","17.1216793501439"
"7456","30460","30878","25.8691268850871"
"7457","30822","30880","3.69601676816524"
"7458","30651","30881","13.2355527107632"
"7459","30090","30882","48.7189570724208"
"7460","30594","30883","17.2055885058514"
"7461","29933","30884","56.5723361744322"
"7462","30538","30885","20.5648313685156"
"7463","30538","30886","20.5648313685156"
"7464","30538","30887","20.5648313685156"
"7465","30538","30888","20.5648313685156"
"7466","30602","30889","16.423544443621"
"7467","30472","30890","26.2062477579586"
"7468","30684","30891","11.5278823252513"
"7469","30378","30895","32.7400340023066"
"7470","30705","30896","11.2519578409899"
"7471","30705","30897","11.2519578409899"
"7472","30552","30898","20.8117156537746"
"7473","30790","30899","7.73018455115084"
"7474","30468","30901","27.7486577256782"
"7475","30468","30902","27.7486577256782"
"7476","30220","30903","42.4608055542622"
"7477","29376","30905","87.5398414464898"
"7478","29026","30906","105.441215008919"
"7479","30734","30907","10.5452298960636"
"7480","30734","30908","10.5452298960636"
"7481","30734","30909","10.5452298960636"
"7482","30516","30911","24.6710110254505"
"7483","30049","30912","53.1585090298597"
"7484","30687","30913","13.5440473632821"
"7485","30708","30917","12.5944204011105"
"7486","30020","30918","55.2770415202174"
"7487","30737","30919","11.3047888480467"
"7488","30737","30920","11.3047888480467"
"7489","30839","30922","6.30581804237841"
"7490","30772","30923","10.6220176056793"
"7491","30772","30924","10.6220176056793"
"7492","30674","30932","15.2174571812341"
"7493","30559","30935","23.039174213556"
"7494","30559","30936","23.039174213556"
"7495","30121","30937","49.3457287360798"
"7496","30887","30943","4.18169934092293"
"7497","30887","30944","4.18169934092293"
"7498","27407","30956","197.996408197004"
"7499","27407","30957","197.996408197004"
"7500","30568","30958","23.4619513669716"
"7501","30886","30963","5.1736325072718"
"7502","30886","30964","5.1736325072718"
"7503","30543","30968","25.7598258508303"
"7504","30633","30969","20.3182962975923"
"7505","30633","30970","20.3182962975923"
"7506","30633","30971","20.3182962975923"
"7507","30633","30972","20.3182962975923"
"7508","30869","30973","6.85064972445184"
"7509","30869","30974","6.85064972445184"
"7510","30875","30975","6.54993025598947"
"7511","30830","30976","9.49806291021309"
"7512","30830","30977","9.49806291021309"
"7513","30830","30978","9.49806291021309"
"7514","30830","30979","9.49806291021309"
"7515","30546","30984","26.5894308323909"
"7516","30546","30985","26.5894308323909"
"7517","30743","30986","15.0573654137295"
"7518","30743","30987","15.0573654137295"
"7519","30797","30988","12.5779281293105"
"7520","30797","30989","12.5779281293105"
"7521","30797","30990","12.5779281293105"
"7522","30797","30991","12.5779281293105"
"7523","30797","30992","12.5779281293105"
"7524","30824","30993","10.8638175761193"
"7525","30523","30996","28.8121152800566"
"7526","30523","30997","28.8121152800566"
"7527","30523","30998","28.8121152800566"
"7528","30523","30999","28.8121152800566"
"7529","30523","31000","28.8121152800566"
"7530","30523","31001","28.8121152800566"
"7531","30847","31003","10.0589602857615"
"7532","30847","31004","10.0589602857615"
"7533","30847","31005","10.0589602857615"
"7534","30847","31006","10.0589602857615"
"7535","30199","31007","48.9956147698988"
"7536","30199","31008","48.9956147698988"
"7537","30199","31009","48.9956147698988"
"7538","30486","31010","32.2961679680525"
"7539","30613","31011","23.6270228522199"
"7540","30613","31012","23.6270228522199"
"7541","30876","31014","8.74559474169996"
"7542","30876","31015","8.74559474169996"
"7543","30876","31016","8.74559474169996"
"7544","30876","31017","8.74559474169996"
"7545","30876","31018","8.74559474169996"
"7546","30876","31019","8.74559474169996"
"7547","30793","31020","14.0311628999209"
"7548","30793","31021","14.0311628999209"
"7549","30793","31022","14.0311628999209"
"7550","30793","31023","14.0311628999209"
"7551","29972","31024","62.9148301242005"
"7552","30845","31025","11.1028857397882"
"7553","30155","31026","52.3073317558574"
"7554","30155","31027","52.3073317558574"
"7555","27187","31030","215.236550808521"
"7556","27187","31031","215.236550808521"
"7557","29231","31032","100.26775843567"
"7558","30292","31034","45.778630881385"
"7559","30292","31035","45.778630881385"
"7560","29961","31039","64.2040455085751"
"7561","29961","31040","64.2040455085751"
"7562","30207","31041","50.3204891043547"
"7563","30578","31042","27.2226865287403"
"7564","30578","31043","27.2226865287403"
"7565","30816","31048","13.780218184379"
"7566","30736","31056","18.2438235871487"
"7567","30819","31057","14.2533548153806"
"7568","30794","31058","15.7997636348859"
"7569","30794","31059","15.7997636348859"
"7570","30794","31060","15.7997636348859"
"7571","30794","31061","15.7997636348859"
"7572","30420","31062","39.9087327426892"
"7573","30074","31064","60.2180325954105"
"7574","30469","31066","36.4774577926235"
"7575","30514","31067","33.5116824964409"
"7576","30423","31068","39.902962208532"
"7577","30423","31069","39.902962208532"
"7578","30909","31073","8.7494245450373"
"7579","30909","31074","8.7494245450373"
"7580","30356","31075","43.9127529242917"
"7581","30132","31076","55.7334612215452"
"7582","30132","31077","55.7334612215452"
"7583","30132","31078","55.7334612215452"
"7584","30970","31079","5.6140530867915"
"7585","30970","31080","5.6140530867915"
"7586","30079","31083","61.1259145859517"
"7587","30203","31084","52.7810131819206"
"7588","30203","31085","52.7810131819206"
"7589","30979","31086","5.29611986832379"
"7590","31001","31089","4.60810052976626"
"7591","31017","31090","3.71938559645082"
"7592","31017","31091","3.71938559645082"
"7593","29859","31092","72.6894503278058"
"7594","29859","31093","72.6894503278058"
"7595","29859","31094","72.6894503278058"
"7596","29859","31095","72.6894503278058"
"7597","30563","31096","30.4545962568397"
"7598","29981","31097","66.3468021814119"
"7599","31015","31103","4.13080450561324"
"7600","31015","31104","4.13080450561324"
"7601","31015","31105","4.13080450561324"
"7602","30463","31106","38.4039823252785"
"7603","30463","31107","38.4039823252785"
"7604","30956","31108","7.12825999605388"
"7605","30956","31109","7.12825999605388"
"7606","30724","31114","21.5979337315232"
"7607","30724","31115","21.5979337315232"
"7608","30492","31117","37.1531108620688"
"7609","30645","31128","26.9436709752194"
"7610","30645","31129","26.9436709752194"
"7611","30645","31130","26.9436709752194"
"7612","30690","31132","24.4129255362955"
"7613","30690","31133","24.4129255362955"
"7614","30634","31134","28.2901815591219"
"7615","30634","31135","28.2901815591219"
"7616","30634","31136","28.2901815591219"
"7617","30936","31137","9.88685913764743"
"7618","30997","31143","7.21904614767686"
"7619","30310","31144","50.3708042250191"
"7620","29501","31145","93.5239044523232"
"7621","29501","31146","93.5239044523232"
"7622","29501","31147","93.5239044523232"
"7623","31005","31148","7.22417735878298"
"7624","30758","31149","22.871281917546"
"7625","31006","31151","8.11265795880263"
"7626","31006","31152","8.11265795880263"
"7627","31006","31153","8.11265795880263"
"7628","31006","31154","8.11265795880263"
"7629","31003","31155","8.19100781410521"
"7630","30973","31156","9.96418228138555"
"7631","30973","31157","9.96418228138555"
"7632","30973","31158","9.96418228138555"
"7633","30973","31159","9.96418228138555"
"7634","30973","31160","9.96418228138555"
"7635","30957","31161","10.577119432523"
"7636","30196","31166","58.1467629455497"
"7637","30196","31167","58.1467629455497"
"7638","30196","31168","58.1467629455497"
"7639","30788","31170","22.6062855065841"
"7640","30111","31171","62.9000273195932"
"7641","30732","31172","25.3398901397597"
"7642","30732","31173","25.3398901397597"
"7643","29715","31174","83.9274815568772"
"7644","30649","31176","30.7306112348167"
"7645","30649","31177","30.7306112348167"
"7646","30874","31179","17.8286072293081"
"7647","30874","31180","17.8286072293081"
"7648","30727","31184","26.3372396120401"
"7649","30727","31185","26.3372396120401"
"7650","30293","31187","54.6525525670395"
"7651","30293","31188","54.6525525670395"
"7652","30738","31194","26.1968807572589"
"7653","30889","31195","17.8404149417011"
"7654","30889","31196","17.8404149417011"
"7655","30889","31197","17.8404149417011"
"7656","30889","31198","17.8404149417011"
"7657","30889","31199","17.8404149417011"
"7658","30889","31200","17.8404149417011"
"7659","30889","31201","17.8404149417011"
"7660","30889","31202","17.8404149417011"
"7661","30889","31203","17.8404149417011"
"7662","31011","31204","10.2482689531778"
"7663","31011","31205","10.2482689531778"
"7664","31086","31206","6.58830643998454"
"7665","31086","31207","6.58830643998454"
"7666","31114","31208","5.61044621792689"
"7667","31114","31209","5.61044621792689"
"7668","31114","31210","5.61044621792689"
"7669","31114","31211","5.61044621792689"
"7670","31058","31212","8.23741454329934"
"7671","31058","31213","8.23741454329934"
"7672","31058","31214","8.23741454329934"
"7673","31058","31215","8.23741454329934"
"7674","30742","31217","26.7295713818526"
"7675","30742","31218","26.7295713818526"
"7676","30647","31219","32.4578251733992"
"7677","31096","31220","6.91056694772965"
"7678","30522","31221","40.624470391693"
"7679","30522","31222","40.624470391693"
"7680","30522","31223","40.624470391693"
"7681","30901","31224","17.1667839451875"
"7682","30901","31225","17.1667839451875"
"7683","30901","31226","17.1667839451875"
"7684","30976","31228","12.8924649470762"
"7685","30976","31229","12.8924649470762"
"7686","30919","31235","16.1498078747609"
"7687","30919","31236","16.1498078747609"
"7688","30919","31237","16.1498078747609"
"7689","30919","31238","16.1498078747609"
"7690","31026","31239","10.5692987900954"
"7691","31026","31240","10.5692987900954"
"7692","31026","31241","10.5692987900954"
"7693","31026","31242","10.5692987900954"
"7694","31026","31243","10.5692987900954"
"7695","31026","31244","10.5692987900954"
"7696","31026","31245","10.5692987900954"
"7697","31010","31250","11.9585262414103"
"7698","31010","31251","11.9585262414103"
"7699","30880","31253","20.4693373084986"
"7700","30880","31254","20.4693373084986"
"7701","30996","31255","12.9820986625107"
"7702","30996","31256","12.9820986625107"
"7703","31083","31257","8.72357523923961"
"7704","30686","31258","31.3083975629379"
"7705","30686","31259","31.3083975629379"
"7706","30913","31260","17.9188648343177"
"7707","30913","31261","17.9188648343177"
"7708","30717","31262","29.9088643889957"
"7709","31073","31263","9.90498866439384"
"7710","31073","31264","9.90498866439384"
"7711","31076","31265","9.43583792586651"
"7712","31076","31266","9.43583792586651"
"7713","31117","31267","7.83073030223136"
"7714","31074","31271","10.5945778648252"
"7715","31074","31272","10.5945778648252"
"7716","31074","31273","10.5945778648252"
"7717","31074","31274","10.5945778648252"
"7718","31200","31275","3.32623065596431"
"7719","31200","31276","3.32623065596431"
"7720","30991","31277","14.4703025319468"
"7721","30991","31278","14.4703025319468"
"7722","30606","31279","37.4101275399912"
"7723","30606","31280","37.4101275399912"
"7724","30606","31281","37.4101275399912"
"7725","30606","31282","37.4101275399912"
"7726","30606","31283","37.4101275399912"
"7727","29399","31289","106.435868802656"
"7728","29399","31290","106.435868802656"
"7729","31161","31291","6.32871252357745"
"7730","31161","31292","6.32871252357745"
"7731","31161","31293","6.32871252357745"
"7732","31161","31294","6.32871252357745"
"7733","30923","31295","19.0334679353389"
"7734","30923","31296","19.0334679353389"
"7735","31068","31297","11.568494418874"
"7736","31068","31298","11.568494418874"
"7737","31008","31299","14.7139443722378"
"7738","31008","31300","14.7139443722378"
"7739","30898","31301","21.1079581435765"
"7740","30389","31302","53.8638464983796"
"7741","30389","31303","53.8638464983796"
"7742","30389","31304","53.8638464983796"
"7743","31137","31309","8.77604942397397"
"7744","31137","31310","8.77604942397397"
"7745","31137","31311","8.77604942397397"
"7746","31137","31312","8.77604942397397"
"7747","31137","31313","8.77604942397397"
"7748","30990","31323","15.8285319252543"
"7749","30525","31324","44.3329184237448"
"7750","30730","31325","31.908866841093"
"7751","30730","31326","31.908866841093"
"7752","30730","31327","31.908866841093"
"7753","30730","31328","31.908866841093"
"7754","30829","31329","26.3235207929185"
"7755","30829","31330","26.3235207929185"
"7756","30829","31331","26.3235207929185"
"7757","31237","31332","3.85087354164307"
"7758","30476","31333","48.7055699010593"
"7759","30476","31334","48.7055699010593"
"7760","31215","31335","4.85971844766254"
"7761","30838","31340","26.7111986183511"
"7762","30809","31341","28.4690010911579"
"7763","30809","31342","28.4690010911579"
"7764","30809","31343","28.4690010911579"
"7765","30809","31344","28.4690010911579"
"7766","30843","31345","26.7051938907805"
"7767","30796","31346","29.5100324026421"
"7768","30676","31348","35.5911066351653"
"7769","30449","31349","51.6786059242679"
"7770","30969","31350","18.4842831700394"
"7771","30969","31351","18.4842831700394"
"7772","31177","31352","7.19973098468927"
"7773","31177","31353","7.19973098468927"
"7774","30944","31354","20.159858326366"
"7775","30811","31355","29.2255691216881"
"7776","30811","31356","29.2255691216881"
"7777","31251","31358","5.18112376217937"
"7778","31128","31361","11.9010463292379"
"7779","31018","31362","17.0748710408886"
"7780","31018","31363","17.0748710408886"
"7781","31018","31364","17.0748710408886"
"7782","31018","31365","17.0748710408886"
"7783","30918","31366","22.4978912917702"
"7784","31278","31370","4.06812670550448"
"7785","31187","31371","7.6627377183886"
"7786","31040","31373","16.5245006377718"
"7787","31040","31374","16.5245006377718"
"7788","31167","31375","9.45325130008632"
"7789","31167","31376","9.45325130008632"
"7790","31159","31379","10.2379754036788"
"7791","31159","31380","10.2379754036788"
"7792","31159","31381","10.2379754036788"
"7793","31201","31382","7.87583041052562"
"7794","31201","31383","7.87583041052562"
"7795","31201","31384","7.87583041052562"
"7796","30896","31385","24.7254431941883"
"7797","30896","31386","24.7254431941883"
"7798","30896","31387","24.7254431941883"
"7799","30896","31388","24.7254431941883"
"7800","30896","31389","24.7254431941883"
"7801","30896","31390","24.7254431941883"
"7802","31057","31391","16.0283314984099"
"7803","31298","31392","3.94644288195218"
"7804","31298","31393","3.94644288195218"
"7805","31228","31394","7.12976035240604"
"7806","30963","31401","21.1485810247668"
"7807","30963","31402","21.1485810247668"
"7808","30963","31403","21.1485810247668"
"7809","30884","31405","26.608259386237"
"7810","31313","31406","4.27528931118832"
"7811","31313","31407","4.27528931118832"
"7812","31313","31408","4.27528931118832"
"7813","31313","31409","4.27528931118832"
"7814","31180","31411","9.69993786681493"
"7815","30870","31412","27.9675642075567"
"7816","31173","31414","10.6295730189711"
"7817","31173","31415","10.6295730189711"
"7818","31299","31416","5.19457692030596"
"7819","30992","31417","20.63180697033"
"7820","30992","31418","20.63180697033"
"7821","30992","31419","20.63180697033"
"7822","30992","31420","20.63180697033"
"7823","30992","31421","20.63180697033"
"7824","30958","31423","22.4551599555703"
"7825","30958","31424","22.4551599555703"
"7826","30236","31425","67.4194028869254"
"7827","30826","31426","31.3868069612931"
"7828","31205","31427","9.86030328403945"
"7829","31211","31428","9.8122091021778"
"7830","31289","31433","6.49798155548001"
"7831","30968","31439","23.0951649444096"
"7832","30968","31440","23.0951649444096"
"7833","31245","31442","9.69433194994372"
"7834","30466","31445","55.0405494728611"
"7835","30466","31446","55.0405494728611"
"7836","30466","31447","55.0405494728611"
"7837","30466","31448","55.0405494728611"
"7838","31104","31449","17.0405739933319"
"7839","31184","31450","11.9210322781198"
"7840","31184","31451","11.9210322781198"
"7841","31103","31452","17.1553634187715"
"7842","31103","31453","17.1553634187715"
"7843","30873","31454","30.1132206004527"
"7844","30873","31455","30.1132206004527"
"7845","31206","31456","11.3771268433961"
"7846","31206","31457","11.3771268433961"
"7847","31206","31458","11.3771268433961"
"7848","31309","31459","7.13577340826168"
"7849","31273","31465","8.4148032371279"
"7850","31297","31470","7.58097813162499"
"7851","31297","31471","7.58097813162499"
"7852","31350","31474","5.95111554150708"
"7853","31090","31475","18.3396162994222"
"7854","31090","31476","18.3396162994222"
"7855","31090","31477","18.3396162994222"
"7856","31171","31478","13.770495942166"
"7857","31171","31479","13.770495942166"
"7858","31171","31480","13.770495942166"
"7859","31171","31481","13.770495942166"
"7860","31042","31482","21.0255760147804"
"7861","31042","31483","21.0255760147804"
"7862","31042","31484","21.0255760147804"
"7863","31092","31489","18.7625412504503"
"7864","31291","31490","8.65548946455624"
"7865","31291","31491","8.65548946455624"
"7866","31291","31492","8.65548946455624"
"7867","31214","31493","12.7644787718984"
"7868","31214","31494","12.7644787718984"
"7869","31095","31496","19.3363290391578"
"7870","31095","31497","19.3363290391578"
"7871","31144","31498","17.1087276734829"
"7872","31225","31501","12.6546284000885"
"7873","31260","31502","11.4747374045382"
"7874","31260","31503","11.4747374045382"
"7875","31260","31504","11.4747374045382"
"7876","31260","31505","11.4747374045382"
"7877","31236","31512","13.0159743003142"
"7878","31236","31513","13.0159743003142"
"7879","30827","31514","35.8004329804101"
"7880","31204","31515","14.2590280687295"
"7881","30840","31516","35.5724842846748"
"7882","31105","31518","20.3879228481105"
"7883","31213","31520","14.8396913320919"
"7884","31213","31521","14.8396913320919"
"7885","31213","31522","14.8396913320919"
"7886","31213","31523","14.8396913320919"
"7887","31354","31524","8.77101815897777"
"7888","31354","31525","8.77101815897777"
"7889","31334","31527","10.3527850829482"
"7890","31370","31528","8.06630799283926"
"7891","31370","31529","8.06630799283926"
"7892","31370","31530","8.06630799283926"
"7893","31370","31531","8.06630799283926"
"7894","31370","31532","8.06630799283926"
"7895","31153","31533","18.2323953159794"
"7896","31153","31534","18.2323953159794"
"7897","30881","31537","34.4768843972734"
"7898","31276","31538","12.7379926322578"
"7899","31276","31539","12.7379926322578"
"7900","31373","31540","8.34263609636673"
"7901","31373","31541","8.34263609636673"
"7902","31079","31542","22.8852549997721"
"7903","31170","31543","17.8255577394957"
"7904","30932","31544","30.7659235129595"
"7905","31056","31545","24.4048407602843"
"7906","31332","31546","11.3242418113625"
"7907","31332","31547","11.3242418113625"
"7908","31332","31548","11.3242418113625"
"7909","31355","31551","10.4596709053387"
"7910","31355","31552","10.4596709053387"
"7911","31195","31553","17.4825227070578"
"7912","31195","31554","17.4825227070578"
"7913","31195","31555","17.4825227070578"
"7914","31195","31556","17.4825227070578"
"7915","31195","31557","17.4825227070578"
"7916","30897","31558","34.4752504397627"
"7917","30897","31559","34.4752504397627"
"7918","30117","31563","81.912443087944"
"7919","30117","31564","81.912443087944"
"7920","31504","31565","4.3602245297941"
"7921","31379","31566","10.459044033975"
"7922","31379","31567","10.459044033975"
"7923","31379","31568","10.459044033975"
"7924","31379","31569","10.459044033975"
"7925","31155","31570","20.9234758467271"
"7926","30735","31571","44.8249979393643"
"7927","31296","31572","14.41019556848"
"7928","31450","31576","7.96643212503182"
"7929","31272","31584","16.2537992775258"
"7930","31272","31585","16.2537992775258"
"7931","31281","31589","16.2551609808995"
"7932","31281","31590","16.2551609808995"
"7933","30791","31591","43.8912461213715"
"7934","30791","31592","43.8912461213715"
"7935","30791","31593","43.8912461213715"
"7936","31489","31594","7.10971472625306"
"7937","31020","31595","29.7116716541775"
"7938","31020","31596","29.7116716541775"
"7939","31457","31600","8.77452558466643"
"7940","31333","31601","15.0945702182828"
"7941","31333","31602","15.0945702182828"
"7942","31333","31603","15.0945702182828"
"7943","31497","31611","7.1327789981151"
"7944","31497","31612","7.1327789981151"
"7945","31329","31613","15.3451519177058"
"7946","31513","31616","6.4627416696901"
"7947","31539","31618","4.76647812360488"
"7948","31424","31619","11.2374913229073"
"7949","31424","31620","11.2374913229073"
"7950","31384","31623","13.1511042649402"
"7951","31405","31624","12.5548154929738"
"7952","31405","31625","12.5548154929738"
"7953","31412","31626","12.5186987745478"
"7954","31412","31627","12.5186987745478"
"7955","31412","31628","12.5186987745478"
"7956","31502","31629","7.65872107601831"
"7957","31502","31630","7.65872107601831"
"7958","31502","31631","7.65872107601831"
"7959","31091","31632","27.7346922728395"
"7960","31091","31633","27.7346922728395"
"7961","31091","31634","27.7346922728395"
"7962","31344","31635","16.037442353771"
"7963","31344","31636","16.037442353771"
"7964","31062","31637","29.4898208310854"
"7965","31552","31638","4.75017767063741"
"7966","31217","31639","21.3959510973455"
"7967","31034","31642","31.0760500753815"
"7968","31034","31643","31.0760500753815"
"7969","31034","31644","31.0760500753815"
"7970","30871","31645","41.1861259761999"
"7971","31364","31647","15.0379909014739"
"7972","31446","31648","11.3239352989917"
"7973","31512","31649","8.27448107991245"
"7974","31383","31650","14.6552294185892"
"7975","31361","31651","15.6454340461407"
"7976","31361","31652","15.6454340461407"
"7977","31264","31657","20.2625822239565"
"7978","31391","31658","14.9419721137322"
"7979","31391","31659","14.9419721137322"
"7980","31275","31663","19.8942293493103"
"7981","31553","31664","5.85371465254207"
"7982","30756","31665","49.3613216872441"
"7983","31491","31666","10.9484992951029"
"7984","31528","31667","8.31456898409851"
"7985","31030","31671","32.9512077611123"
"7986","31030","31672","32.9512077611123"
"7987","31030","31673","32.9512077611123"
"7988","31544","31674","7.80600453684633"
"7989","31094","31675","30.2073208247243"
"7990","30808","31677","47.2947136721339"
"7991","30808","31678","47.2947136721339"
"7992","31403","31679","15.9809808645668"
"7993","31565","31680","6.31281925838789"
"7994","31568","31683","6.50383101981356"
"7995","31568","31684","6.50383101981356"
"7996","31261","31685","22.5408307826517"
"7997","30279","31697","81.4456363281608"
"7998","31480","31698","13.0727202334767"
"7999","31480","31699","13.0727202334767"
"8000","31480","31700","13.0727202334767"
"8001","31480","31701","13.0727202334767"
"8002","31480","31702","13.0727202334767"
"8003","31480","31703","13.0727202334767"
"8004","31480","31704","13.0727202334767"
"8005","31480","31705","13.0727202334767"
"8006","31258","31706","23.3090354839385"
"8007","31258","31707","23.3090354839385"
"8008","31108","31708","31.2227058032995"
"8009","31108","31709","31.2227058032995"
"8010","31458","31710","14.3146773781843"
"8011","31129","31712","30.9253650548915"
"8012","31274","31713","22.7023938675709"
"8013","30640","31715","58.6020955953929"
"8014","31151","31720","28.8038408167897"
"8015","31151","31721","28.8038408167897"
"8016","30882","31725","44.8173962901212"
"8017","31389","31726","18.7204154755964"
"8018","31146","31731","30.4154993244747"
"8019","31009","31732","37.6029023177396"
"8020","31009","31733","37.6029023177396"
"8021","31009","31734","37.6029023177396"
"8022","31494","31736","14.2970710227544"
"8023","31474","31737","15.3213005030577"
"8024","31474","31738","15.3213005030577"
"8025","30978","31741","39.3019013099613"
"8026","30654","31745","58.904107722313"
"8027","30654","31746","58.904107722313"
"8028","31382","31749","19.9399072873816"
"8029","31382","31750","19.9399072873816"
"8030","31259","31751","25.8069297207694"
"8031","31259","31752","25.8069297207694"
"8032","31537","31755","11.9245479019553"
"8033","31545","31758","12.2013485999253"
"8034","31545","31759","12.2013485999253"
"8035","30675","31761","58.3362355158072"
"8036","31223","31764","27.862961365186"
"8037","31555","31765","11.3702291351012"
"8038","31345","31766","23.3229162384014"
"8039","30429","31767","75.7426328610586"
"8040","31277","31768","25.880968318753"
"8041","31514","31771","15.298350910238"
"8042","31514","31772","15.298350910238"
"8043","31197","31773","29.5550013845627"
"8044","31197","31774","29.5550013845627"
"8045","31620","31775","8.75873919498713"
"8046","31280","31776","26.2722107740435"
"8047","31476","31777","17.6006602884099"
"8048","31630","31778","8.36774649203812"
"8049","31630","31779","8.36774649203812"
"8050","31630","31780","8.36774649203812"
"8051","29574","31781","123.696144691294"
"8052","29574","31782","123.696144691294"
"8053","31386","31783","22.0390086288387"
"8054","31386","31784","22.0390086288387"
"8055","31386","31785","22.0390086288387"
"8056","31358","31786","23.4098652801665"
"8057","31358","31787","23.4098652801665"
"8058","31566","31790","11.9886638116811"
"8059","31194","31791","30.3578723501187"
"8060","31449","31792","19.0861209537848"
"8061","31300","31793","26.1728951467587"
"8062","31362","31794","23.2903341839369"
"8063","31219","31795","29.9475257365275"
"8064","30883","31797","48.6769046476893"
"8065","30883","31798","48.6769046476893"
"8066","31255","31799","28.7892281979571"
"8067","31255","31800","28.7892281979571"
"8068","31492","31801","18.2255822962991"
"8069","31612","31807","11.7145837954336"
"8070","31421","31808","22.462908615262"
"8071","31326","31809","27.2817962168292"
"8072","31326","31810","27.2817962168292"
"8073","30739","31811","58.5459461720782"
"8074","31241","31812","31.1539579681246"
"8075","31303","31813","28.0491062246838"
"8076","31303","31814","28.0491062246838"
"8077","31303","31815","28.0491062246838"
"8078","31303","31816","28.0491062246838"
"8079","31303","31817","28.0491062246838"
"8080","31303","31818","28.0491062246838"
"8081","31303","31819","28.0491062246838"
"8082","31303","31820","28.0491062246838"
"8083","30774","31828","57.9601101625778"
"8084","31529","31829","17.0289428359472"
"8085","31477","31830","20.5469353610351"
"8086","31611","31831","12.3642094952181"
"8087","31282","31832","29.2934236496526"
"8088","31174","31833","34.1904819784413"
"8089","31592","31835","13.1557163263979"
"8090","31592","31836","13.1557163263979"
"8091","31439","31837","22.2333791250517"
"8092","31226","31838","32.0199802917232"
"8093","31226","31839","32.0199802917232"
"8094","31226","31840","32.0199802917232"
"8095","31226","31841","32.0199802917232"
"8096","31479","31845","20.9809215642424"
"8097","31479","31846","20.9809215642424"
"8098","31479","31847","20.9809215642424"
"8099","31157","31851","35.7953433408918"
"8100","31157","31852","35.7953433408918"
"8101","31374","31853","25.6394510846017"
"8102","31374","31854","25.6394510846017"
"8103","31374","31855","25.6394510846017"
"8104","31374","31856","25.6394510846017"
"8105","31532","31857","17.9663868596424"
"8106","31752","31858","5.67260558988301"
"8107","31752","31859","5.67260558988301"
"8108","31752","31860","5.67260558988301"
"8109","31752","31861","5.67260558988301"
"8110","31085","31862","40.3526154450233"
"8111","31732","31867","6.7336027722647"
"8112","31732","31868","6.7336027722647"
"8113","31732","31869","6.7336027722647"
"8114","31482","31870","21.5155147858209"
"8115","31482","31871","21.5155147858209"
"8116","31482","31872","21.5155147858209"
"8117","31482","31873","21.5155147858209"
"8118","31482","31874","21.5155147858209"
"8119","31283","31878","30.913788041936"
"8120","31283","31879","30.913788041936"
"8121","31782","31880","4.52590532244926"
"8122","29838","31881","114.325536005334"
"8123","31683","31882","9.67918676083923"
"8124","31501","31883","21.0769604096488"
"8125","31501","31884","21.0769604096488"
"8126","29799","31885","116.786929707796"
"8127","31721","31887","8.53050184686845"
"8128","31703","31889","9.75164801180972"
"8129","31703","31890","9.75164801180972"
"8130","31392","31891","27.0176554173768"
"8131","31392","31892","27.0176554173768"
"8132","31392","31893","27.0176554173768"
"8133","31392","31894","27.0176554173768"
"8134","31633","31902","13.8471718258299"
"8135","31647","31903","13.2602721086994"
"8136","31576","31907","16.4510626031501"
"8137","31576","31908","16.4510626031501"
"8138","31783","31913","5.86195412340817"
"8139","31783","31914","5.86195412340817"
"8140","31783","31915","5.86195412340817"
"8141","31783","31916","5.86195412340817"
"8142","31860","31917","2.28372419602124"
"8143","31860","31918","2.28372419602124"
"8144","31860","31919","2.28372419602124"
"8145","31860","31920","2.28372419602124"
"8146","31657","31921","13.0166856023513"
"8147","30911","31927","52.1831763746075"
"8148","31346","31929","30.5659768743424"
"8149","29973","31930","109.248879445867"
"8150","31775","31931","7.04938292339557"
"8151","31772","31934","7.26464181774782"
"8152","31176","31935","37.9970239278514"
"8153","31619","31936","16.0319445955965"
"8154","31572","31939","18.494938400667"
"8155","30650","31940","68.8743968635686"
"8156","30650","31941","68.8743968635686"
"8157","30650","31942","68.8743968635686"
"8158","30650","31943","68.8743968635686"
"8159","30650","31944","68.8743968635686"
"8160","31244","31945","36.3931387312746"
"8161","31244","31946","36.3931387312746"
"8162","31631","31950","16.2868163164405"
"8163","31639","31957","16.1239026048499"
"8164","31671","31959","14.2581102867277"
"8165","31671","31960","14.2581102867277"
"8166","31454","31961","26.813616708039"
"8167","31704","31962","13.0327116251042"
"8168","31704","31963","13.0327116251042"
"8169","31704","31964","13.0327116251042"
"8170","31455","31965","26.9957747760268"
"8171","31632","31966","16.9243385788941"
"8172","31632","31967","16.9243385788941"
"8173","31632","31968","16.9243385788941"
"8174","31767","31971","9.65755234938206"
"8175","31767","31972","9.65755234938206"
"8176","31767","31973","9.65755234938206"
"8177","31767","31974","9.65755234938206"
"8178","31812","31981","6.47963487946186"
"8179","31745","31982","11.3952124127115"
"8180","31771","31983","9.39779309524624"
"8181","31771","31984","9.39779309524624"
"8182","31751","31985","11.2984809886682"
"8183","31375","31986","31.5125423727459"
"8184","28985","31990","163.027740389459"
"8185","31816","31991","7.08421781404513"
"8186","31829","31992","6.87623104194768"
"8187","31426","31993","29.7202748153043"
"8188","31242","31994","38.4892279274554"
"8189","31666","31995","16.0106135663755"
"8190","31666","31996","16.0106135663755"
"8191","31666","31997","16.0106135663755"
"8192","31666","31998","16.0106135663755"
"8193","31666","31999","16.0106135663755"
"8194","31856","32000","6.35179673207904"
"8195","31856","32001","6.35179673207904"
"8196","31856","32002","6.35179673207904"
"8197","31856","32003","6.35179673207904"
"8198","31856","32004","6.35179673207904"
"8199","31856","32005","6.35179673207904"
"8200","31627","32006","18.4414030895261"
"8201","31627","32007","18.4414030895261"
"8202","31627","32008","18.4414030895261"
"8203","31521","32009","25.0056558844853"
"8204","31936","32015","3.74834790281693"
"8205","31936","32016","3.74834790281693"
"8206","31936","32017","3.74834790281693"
"8207","31936","32018","3.74834790281693"
"8208","31936","32019","3.74834790281693"
"8209","31490","32020","28.1321743812528"
"8210","31416","32021","31.6156428991167"
"8211","31416","32022","31.6156428991167"
"8212","31453","32025","29.8130958641013"
"8213","30482","32026","84.0498722267951"
"8214","30482","32027","84.0498722267951"
"8215","31534","32028","25.5563984349399"
"8216","31777","32031","11.8572650054421"
"8217","31777","32032","11.8572650054421"
"8218","31777","32033","11.8572650054421"
"8219","31777","32034","11.8572650054421"
"8220","31777","32035","11.8572650054421"
"8221","31777","32036","11.8572650054421"
"8222","31677","32039","17.5530742181472"
"8223","31927","32040","5.77838148104524"
"8224","31425","32041","32.38697474321"
"8225","31425","32042","32.38697474321"
"8226","31768","32043","12.8426938832722"
"8227","31250","32044","40.6739804317294"
"8228","31815","32046","10.0230785963427"
"8229","31019","32049","52.5365249428496"
"8230","29248","32052","151.885298782712"
"8231","31585","32053","23.4621328789808"
"8232","28669","32054","183.08954634688"
"8233","28669","32055","183.08954634688"
"8234","31221","32056","42.4530556720374"
"8235","31221","32057","42.4530556720374"
"8236","31962","32063","5.08629773391544"
"8237","31262","32064","41.1336791779834"
"8238","31794","32065","13.2971584220618"
"8239","30943","32067","57.7215076120581"
"8240","30943","32068","57.7215076120581"
"8241","31766","32076","15.2672263770605"
"8242","31766","32077","15.2672263770605"
"8243","31498","32078","30.9883338599218"
"8244","31963","32083","6.50293839169831"
"8245","31963","32084","6.50293839169831"
"8246","31229","32089","43.8935905922867"
"8247","31990","32090","5.58270747989263"
"8248","31990","32091","5.58270747989263"
"8249","31990","32092","5.58270747989263"
"8250","31862","32102","11.8836594984318"
"8251","31702","32103","20.3828192199426"
"8252","29123","32104","160.406722097194"
"8253","31887","32105","11.195080263521"
"8254","31887","32106","11.195080263521"
"8255","31356","32108","39.5195281592464"
"8256","31356","32109","39.5195281592464"
"8257","31356","32110","39.5195281592464"
"8258","31356","32111","39.5195281592464"
"8259","31808","32112","14.1170698574495"
"8260","31808","32113","14.1170698574495"
"8261","31808","32114","14.1170698574495"
"8262","30888","32115","64.1197102731971"
"8263","31983","32118","7.42906496358228"
"8264","31025","32119","56.0079053706586"
"8265","31596","32133","26.9726059207694"
"8266","31135","32136","51.5337278193529"
"8267","31135","32137","51.5337278193529"
"8268","31602","32138","27.0452644589243"
"8269","31594","32139","27.601772164868"
"8270","31817","32140","15.1256874436938"
"8271","31817","32141","15.1256874436938"
"8272","31817","32142","15.1256874436938"
"8273","31817","32143","15.1256874436938"
"8274","31817","32144","15.1256874436938"
"8275","31021","32148","57.3652727078309"
"8276","31021","32149","57.3652727078309"
"8277","31021","32150","57.3652727078309"
"8278","31021","32151","57.3652727078309"
"8279","31960","32153","9.4664898750641"
"8280","31960","32154","9.4664898750641"
"8281","31960","32155","9.4664898750641"
"8282","31828","32156","15.1215015097841"
"8283","31828","32157","15.1215015097841"
"8284","31841","32158","14.7346364402149"
"8285","31841","32159","14.7346364402149"
"8286","31652","32162","25.4015167618641"
"8287","31652","32163","25.4015167618641"
"8288","31652","32164","25.4015167618641"
"8289","31889","32165","13.2100228682934"
"8290","31793","32166","18.1735753325495"
"8291","31793","32167","18.1735753325495"
"8292","31793","32168","18.1735753325495"
"8293","31793","32169","18.1735753325495"
"8294","31920","32173","13.0281945368497"
"8295","31920","32174","13.0281945368497"
"8296","32002","32175","9.47049124255818"
"8297","32041","32181","7.2675049939221"
"8298","32041","32182","7.2675049939221"
"8299","32041","32183","7.2675049939221"
"8300","31706","32185","24.1182488190543"
"8301","31798","32186","19.0617052906696"
"8302","31798","32187","19.0617052906696"
"8303","31798","32188","19.0617052906696"
"8304","29432","32190","150.207135958273"
"8305","29432","32191","150.207135958273"
"8306","29432","32192","150.207135958273"
"8307","29432","32193","150.207135958273"
"8308","31964","32194","11.4624571240686"
"8309","31964","32195","11.4624571240686"
"8310","31558","32197","32.290515671036"
"8311","31558","32198","32.290515671036"
"8312","31935","32199","13.2670006348028"
"8313","31935","32200","13.2670006348028"
"8314","31032","32203","59.5170133680344"
"8315","31985","32204","11.3310829727941"
"8316","31567","32208","32.5453528905416"
"8317","31567","32209","32.5453528905416"
"8318","31567","32210","32.5453528905416"
"8319","31852","32211","17.5479769877411"
"8320","32026","32213","10.2198838163188"
"8321","32105","32216","5.5673719573881"
"8322","31996","32217","11.8855051223406"
"8323","31996","32218","11.8855051223406"
"8324","32188","32219","2.01537024262052"
"8325","31541","32225","35.8437964044167"
"8326","31869","32226","18.25503115436"
"8327","31869","32227","18.25503115436"
"8328","32039","32228","10.2015575404446"
"8329","32032","32229","10.7821898167604"
"8330","32155","32233","4.89439242305934"
"8331","32155","32234","4.89439242305934"
"8332","32155","32235","4.89439242305934"
"8333","32155","32236","4.89439242305934"
"8334","31312","32237","48.0827133490052"
"8335","31833","32238","19.8704895346696"
"8336","31833","32239","19.8704895346696"
"8337","31750","32243","24.9999143337736"
"8338","31750","32244","24.9999143337736"
"8339","31750","32245","24.9999143337736"
"8340","31750","32246","24.9999143337736"
"8341","32167","32247","4.38449718420634"
"8342","32167","32248","4.38449718420634"
"8343","32167","32249","4.38449718420634"
"8344","32167","32250","4.38449718420634"
"8345","32167","32251","4.38449718420634"
"8346","31733","32252","26.062724380469"
"8347","31733","32253","26.062724380469"
"8348","31733","32254","26.062724380469"
"8349","31483","32255","40.7994764608989"
"8350","31879","32256","18.9537241495852"
"8351","31868","32257","19.5919902881965"
"8352","31967","32259","15.4532576587342"
"8353","31967","32260","15.4532576587342"
"8354","31484","32262","41.8327314798933"
"8355","31484","32263","41.8327314798933"
"8356","31484","32264","41.8327314798933"
"8357","31484","32265","41.8327314798933"
"8358","31919","32269","18.4894082648268"
"8359","31919","32270","18.4894082648268"
"8360","32043","32271","12.281916565923"
"8361","32043","32272","12.281916565923"
"8362","32043","32273","12.281916565923"
"8363","32043","32274","12.281916565923"
"8364","32043","32275","12.281916565923"
"8365","31993","32276","14.8665415164457"
"8366","32138","32277","7.17944110322037"
"8367","32138","32278","7.17944110322037"
"8368","32138","32279","7.17944110322037"
"8369","31884","32280","19.8450153097203"
"8370","31884","32281","19.8450153097203"
"8371","32035","32283","13.3334693823369"
"8372","32197","32286","5.25707340519875"
"8373","32197","32287","5.25707340519875"
"8374","31207","32293","55.4208561846979"
"8375","31207","32294","55.4208561846979"
"8376","31243","32297","54.4747337133635"
"8377","31243","32298","54.4747337133635"
"8378","31243","32299","54.4747337133635"
"8379","30977","32302","67.5631165513148"
"8380","30977","32303","67.5631165513148"
"8381","30977","32304","67.5631165513148"
"8382","30977","32305","67.5631165513148"
"8383","31761","32312","27.3975665869527"
"8384","31761","32313","27.3975665869527"
"8385","31761","32314","27.3975665869527"
"8386","32084","32315","11.3794477068861"
"8387","32084","32316","11.3794477068861"
"8388","31527","32317","40.8040547250939"
"8389","31913","32318","20.5037255364086"
"8390","31340","32319","50.891021099731"
"8391","31340","32320","50.891021099731"
"8392","31749","32321","28.6371753822289"
"8393","31387","32322","48.5991332391222"
"8394","31387","32323","48.5991332391222"
"8395","31387","32324","48.5991332391222"
"8396","32104","32327","10.6821188300505"
"8397","32104","32328","10.6821188300505"
"8398","32104","32329","10.6821188300505"
"8399","32264","32330","2.38985594438418"
"8400","31943","32334","19.6144605201819"
"8401","31705","32336","31.5864771688621"
"8402","31705","32337","31.5864771688621"
"8403","32216","32338","5.47413775612813"
"8404","32216","32339","5.47413775612813"
"8405","32216","32340","5.47413775612813"
"8406","32216","32341","5.47413775612813"
"8407","32216","32342","5.47413775612813"
"8408","32078","32343","12.6259084976048"
"8409","31678","32345","32.738803167123"
"8410","31678","32346","32.738803167123"
"8411","32175","32347","7.92322768758663"
"8412","32175","32348","7.92322768758663"
"8413","31994","32350","17.6096607781669"
"8414","31994","32351","17.6096607781669"
"8415","32005","32354","17.9657098293342"
"8416","32019","32355","17.0155288339838"
"8417","32019","32356","17.0155288339838"
"8418","32018","32359","17.2343878124736"
"8419","32187","32367","8.30008717350211"
"8420","32187","32368","8.30008717350211"
"8421","32187","32369","8.30008717350211"
"8422","32187","32370","8.30008717350211"
"8423","31516","32371","43.6670329839155"
"8424","31679","32375","34.1657441903326"
"8425","32315","32376","2.41051295036777"
"8426","32315","32377","2.41051295036777"
"8427","32315","32378","2.41051295036777"
"8428","32315","32379","2.41051295036777"
"8429","32315","32380","2.41051295036777"
"8430","31569","32381","40.6123844022575"
"8431","31569","32382","40.6123844022575"
"8432","31569","32383","40.6123844022575"
"8433","31569","32384","40.6123844022575"
"8434","31569","32385","40.6123844022575"
"8435","32140","32386","11.4082018500947"
"8436","32140","32387","11.4082018500947"
"8437","31846","32388","25.8521745406817"
"8438","31623","32390","38.6457418987309"
"8439","31746","32392","32.7300759904494"
"8440","31776","32393","30.7954323494414"
"8441","32192","32394","10.8805548537141"
"8442","32262","32395","6.56268492317872"
"8443","32262","32396","6.56268492317872"
"8444","32262","32397","6.56268492317872"
"8445","32163","32400","13.0860433639507"
"8446","31709","32404","36.1090090781122"
"8447","32251","32405","8.77502047576718"
"8448","32251","32406","8.77502047576718"
"8449","32338","32412","4.92336161395519"
"8450","32250","32416","9.28392459687257"
"8451","32269","32418","8.10385138573474"
"8452","32330","32419","6.28304975438095"
"8453","31012","32422","73.5137319252026"
"8454","31012","32423","73.5137319252026"
"8455","31012","32424","73.5137319252026"
"8456","31012","32425","73.5137319252026"
"8457","32219","32426","11.7350461671999"
"8458","32219","32427","11.7350461671999"
"8459","32219","32428","11.7350461671999"
"8460","32219","32429","11.7350461671999"
"8461","32219","32430","11.7350461671999"
"8462","31961","32435","25.501305211503"
"8463","31961","32436","25.501305211503"
"8464","31031","32437","72.7954679014601"
"8465","31031","32438","72.7954679014601"
"8466","31031","32439","72.7954679014601"
"8467","32209","32440","12.982297655707"
"8468","32209","32441","12.982297655707"
"8469","32209","32442","12.982297655707"
"8470","32209","32443","12.982297655707"
"8471","31986","32444","24.7582507487652"
"8472","31986","32445","24.7582507487652"
"8473","31986","32446","24.7582507487652"
"8474","31986","32447","24.7582507487652"
"8475","32322","32456","7.88805980454822"
"8476","32064","32459","20.9186529676604"
"8477","32064","32460","20.9186529676604"
"8478","32154","32463","17.0279719845205"
"8479","32154","32464","17.0279719845205"
"8480","32154","32465","17.0279719845205"
"8481","32384","32466","5.76760179896928"
"8482","32103","32468","19.0910449932544"
"8483","32103","32469","19.0910449932544"
"8484","31559","32472","47.2656325640314"
"8485","31559","32473","47.2656325640314"
"8486","31559","32474","47.2656325640314"
"8487","31559","32475","47.2656325640314"
"8488","32114","32480","19.118306143896"
"8489","32114","32481","19.118306143896"
"8490","32114","32482","19.118306143896"
"8491","32114","32483","19.118306143896"
"8492","32114","32484","19.118306143896"
"8493","32313","32485","9.57618173021092"
"8494","32313","32486","9.57618173021092"
"8495","32367","32492","7.80944277459594"
"8496","32367","32493","7.80944277459594"
"8497","31855","32494","32.704257128978"
"8498","32265","32495","11.8720298137137"
"8499","31625","32497","45.2859610984801"
"8500","32350","32500","9.45774381110232"
"8501","32354","32511","9.14419614645408"
"8502","32036","32512","25.3230758489522"
"8503","32036","32513","25.3230758489522"
"8504","32036","32514","25.3230758489522"
"8505","32036","32515","25.3230758489522"
"8506","32036","32516","25.3230758489522"
"8507","32036","32517","25.3230758489522"
"8508","32036","32518","25.3230758489522"
"8509","31684","32519","42.1178165539359"
"8510","32275","32520","12.5373113000614"
"8511","31810","32522","35.0985873140733"
"8512","32334","32523","10.7289723854813"
"8513","31786","32525","37.4536645590229"
"8514","31786","32526","37.4536645590229"
"8515","32356","32527","9.87442607894332"
"8516","32063","32528","24.2334298955077"
"8517","32063","32529","24.2334298955077"
"8518","32063","32530","24.2334298955077"
"8519","32341","32532","10.7030375224483"
"8520","32341","32533","10.7030375224483"
"8521","32341","32534","10.7030375224483"
"8522","32343","32535","10.7627788836703"
"8523","32049","32536","25.2868469056134"
"8524","32049","32537","25.2868469056134"
"8525","32412","32538","5.89731373073573"
"8526","32412","32539","5.89731373073573"
"8527","32412","32540","5.89731373073573"
"8528","32412","32541","5.89731373073573"
"8529","32412","32542","5.89731373073573"
"8530","32412","32543","5.89731373073573"
"8531","32412","32544","5.89731373073573"
"8532","32383","32545","9.14244911295737"
"8533","32383","32546","9.14244911295737"
"8534","32108","32547","21.9338580926096"
"8535","32108","32548","21.9338580926096"
"8536","32465","32551","3.57300301435157"
"8537","32004","32552","28.5797766043543"
"8538","31697","32555","43.2550018499153"
"8539","31697","32556","43.2550018499153"
"8540","32314","32559","12.7257840455004"
"8541","32280","32560","14.5315375821874"
"8542","32426","32565","5.64059786921212"
"8543","32426","32566","5.64059786921212"
"8544","32302","32567","13.3487198539556"
"8545","32302","32568","13.3487198539556"
"8546","32225","32569","17.5346500599876"
"8547","32483","32570","4.27353168036757"
"8548","32483","32571","4.27353168036757"
"8549","32141","32572","22.1125407706602"
"8550","32141","32573","22.1125407706602"
"8551","30659","32574","100.612025299688"
"8552","31957","32582","32.3980141120571"
"8553","31957","32583","32.3980141120571"
"8554","31957","32584","32.3980141120571"
"8555","31957","32585","32.3980141120571"
"8556","32287","32591","15.5167939571752"
"8557","32287","32592","15.5167939571752"
"8558","32287","32593","15.5167939571752"
"8559","31279","32594","67.4157919815973"
"8560","31279","32595","67.4157919815973"
"8561","31279","32596","67.4157919815973"
"8562","32278","32597","16.5130550411448"
"8563","32278","32598","16.5130550411448"
"8564","32278","32599","16.5130550411448"
"8565","32118","32603","24.9034143110223"
"8566","32118","32604","24.9034143110223"
"8567","32118","32605","24.9034143110223"
"8568","32118","32606","24.9034143110223"
"8569","32118","32607","24.9034143110223"
"8570","32118","32608","24.9034143110223"
"8571","32118","32609","24.9034143110223"
"8572","31475","32610","59.2637288299572"
"8573","31475","32611","59.2637288299572"
"8574","31475","32612","59.2637288299572"
"8575","31475","32613","59.2637288299572"
"8576","32347","32616","14.3127541747253"
"8577","32428","32618","8.08952645898148"
"8578","32056","32619","28.3032767465979"
"8579","32429","32620","8.26061686399339"
"8580","32429","32621","8.26061686399339"
"8581","32429","32622","8.26061686399339"
"8582","32377","32632","13.2620084964767"
"8583","32377","32633","13.2620084964767"
"8584","32377","32634","13.2620084964767"
"8585","32089","32635","26.9701724946183"
"8586","32089","32636","26.9701724946183"
"8587","32089","32637","26.9701724946183"
"8588","32547","32638","3.99444373860956"
"8589","31839","32639","39.2195149103404"
"8590","32445","32640","8.33958026582377"
"8591","32445","32641","8.33958026582377"
"8592","32445","32642","8.33958026582377"
"8593","32515","32651","5.65813042543164"
"8594","32522","32652","5.35652179854742"
"8595","32522","32653","5.35652179854742"
"8596","32348","32657","15.6629973943018"
"8597","32348","32658","15.6629973943018"
"8598","32003","32659","33.1302127165327"
"8599","32003","32660","33.1302127165327"
"8600","32003","32661","33.1302127165327"
"8601","31548","32665","57.0462147430221"
"8602","31548","32666","57.0462147430221"
"8603","31548","32667","57.0462147430221"
"8604","32254","32669","20.6197124823686"
"8605","32254","32670","20.6197124823686"
"8606","32229","32671","21.4307330758181"
"8607","32552","32672","5.54662847497889"
"8608","32552","32673","5.54662847497889"
"8609","32552","32674","5.54662847497889"
"8610","32552","32675","5.54662847497889"
"8611","32552","32676","5.54662847497889"
"8612","32552","32677","5.54662847497889"
"8613","31179","32678","74.8045713581066"
"8614","32316","32679","17.7323502089944"
"8615","32226","32680","22.0396649614047"
"8616","32226","32681","22.0396649614047"
"8617","32226","32682","22.0396649614047"
"8618","31981","32683","35.3856176060258"
"8619","31981","32684","35.3856176060258"
"8620","31981","32685","35.3856176060258"
"8621","31999","32687","34.8892183391065"
"8622","32390","32688","15.0348660106524"
"8623","32475","32689","10.0531626983511"
"8624","31765","32690","46.140049027209"
"8625","31648","32691","52.6303406872439"
"8626","32317","32692","18.842873856355"
"8627","32560","32694","6.18996547161419"
"8628","32042","32695","33.2160272245608"
"8629","32042","32696","33.2160272245608"
"8630","32119","32702","29.3656087628326"
"8631","32119","32703","29.3656087628326"
"8632","32619","32704","4.1202126873759"
"8633","32464","32705","11.1250776777845"
"8634","32533","32713","8.51032356204951"
"8635","32533","32714","8.51032356204951"
"8636","32533","32715","8.51032356204951"
"8637","31720","32716","49.9952966004585"
"8638","31893","32717","41.2258673791778"
"8639","32239","32718","24.0774625944548"
"8640","31814","32719","44.4878783385946"
"8641","32520","32720","9.91664257301841"
"8642","31701","32722","51.6923431059022"
"8643","31701","32723","51.6923431059022"
"8644","31600","32724","56.8126808747538"
"8645","31600","32725","56.8126808747538"
"8646","31600","32726","56.8126808747538"
"8647","31600","32727","56.8126808747538"
"8648","31600","32728","56.8126808747538"
"8649","32234","32730","24.6370670500671"
"8650","32234","32731","24.6370670500671"
"8651","32680","32735","3.10822562008912"
"8652","31858","32736","43.6674605489609"
"8653","31858","32737","43.6674605489609"
"8654","32400","32738","16.2053560342442"
"8655","32400","32739","16.2053560342442"
"8656","30773","32740","102.897427861636"
"8657","30773","32741","102.897427861636"
"8658","30773","32742","102.897427861636"
"8659","30773","32743","102.897427861636"
"8660","32323","32744","20.9188557948962"
"8661","32584","32745","6.99293308233041"
"8662","32584","32746","6.99293308233041"
"8663","32584","32747","6.99293308233041"
"8664","32584","32748","6.99293308233041"
"8665","32584","32749","6.99293308233041"
"8666","32584","32750","6.99293308233041"
"8667","32584","32751","6.99293308233041"
"8668","32368","32757","19.6400100565309"
"8669","32368","32758","19.6400100565309"
"8670","32596","32762","6.97138502336975"
"8671","32596","32763","6.97138502336975"
"8672","32596","32764","6.97138502336975"
"8673","32596","32765","6.97138502336975"
"8674","32153","32769","30.6749452439685"
"8675","32153","32770","30.6749452439685"
"8676","32572","32771","8.73784263466518"
"8677","32158","32772","30.8314170215169"
"8678","32158","32773","30.8314170215169"
"8679","32294","32774","23.1206841562521"
"8680","32536","32775","10.7956370741831"
"8681","32525","32776","11.2562778667223"
"8682","32525","32777","11.2562778667223"
"8683","32525","32778","11.2562778667223"
"8684","32518","32779","12.1180367462055"
"8685","32459","32782","14.6203379265635"
"8686","32694","32786","4.05073159449194"
"8687","32694","32787","4.05073159449194"
"8688","31726","32792","52.7651515443747"
"8689","32666","32794","6.26081605058789"
"8690","32208","32795","28.8495498279349"
"8691","32208","32796","28.8495498279349"
"8692","32208","32797","28.8495498279349"
"8693","32386","32799","20.9113682739137"
"8694","32386","32800","20.9113682739137"
"8695","32386","32801","20.9113682739137"
"8696","32386","32802","20.9113682739137"
"8697","32636","32805","7.91351735405101"
"8698","32636","32806","7.91351735405101"
"8699","32636","32807","7.91351735405101"
"8700","32636","32808","7.91351735405101"
"8701","32109","32809","33.7613700918876"
"8702","31870","32810","45.9444760206886"
"8703","31870","32811","45.9444760206886"
"8704","31870","32812","45.9444760206886"
"8705","31870","32813","45.9444760206886"
"8706","32379","32814","21.3156579839017"
"8707","31917","32824","44.1687512457463"
"8708","32148","32825","32.6289142196945"
"8709","32148","32826","32.6289142196945"
"8710","32274","32831","25.8285841414224"
"8711","32446","32833","16.334807029195"
"8712","32718","32834","3.88670215649518"
"8713","31945","32835","43.0595607557875"
"8714","32213","32836","29.4860683572024"
"8715","32213","32837","29.4860683572024"
"8716","32213","32838","29.4860683572024"
"8717","32213","32839","29.4860683572024"
"8718","32681","32840","6.88149445643899"
"8719","32681","32841","6.88149445643899"
"8720","32691","32842","6.0461783161029"
"8721","32691","32843","6.0461783161029"
"8722","32691","32844","6.0461783161029"
"8723","32691","32845","6.0461783161029"
"8724","31968","32849","42.6771002077837"
"8725","31968","32850","42.6771002077837"
"8726","31601","32856","61.0045433208788"
"8727","32211","32857","30.3537238036079"
"8728","32211","32858","30.3537238036079"
"8729","32211","32859","30.3537238036079"
"8730","32211","32860","30.3537238036079"
"8731","32168","32862","32.8739945976654"
"8732","32346","32863","24.3468846604226"
"8733","32346","32864","24.3468846604226"
"8734","32346","32865","24.3468846604226"
"8735","32513","32871","14.8674524061839"
"8736","32513","32872","14.8674524061839"
"8737","32660","32873","8.92289837364251"
"8738","32660","32874","8.92289837364251"
"8739","32173","32886","33.2256883960506"
"8740","32593","32887","11.4945319203837"
"8741","32463","32889","17.7382928171505"
"8742","32463","32890","17.7382928171505"
"8743","32463","32891","17.7382928171505"
"8744","32463","32892","17.7382928171505"
"8745","32279","32895","27.9742590374285"
"8746","32279","32896","27.9742590374285"
"8747","32279","32897","27.9742590374285"
"8748","32279","32898","27.9742590374285"
"8749","32279","32899","27.9742590374285"
"8750","31667","32902","58.7946165721228"
"8751","31667","32903","58.7946165721228"
"8752","32238","32905","30.3220790306593"
"8753","32238","32906","30.3220790306593"
"8754","32716","32907","6.71833852500276"
"8755","32716","32908","6.71833852500276"
"8756","32716","32909","6.71833852500276"
"8757","32551","32910","14.8965004637305"
"8758","32633","32911","11.5139581595481"
"8759","32751","32912","6.04412042869876"
"8760","32751","32913","6.04412042869876"
"8761","32751","32914","6.04412042869876"
"8762","32751","32915","6.04412042869876"
"8763","31959","32916","45.3772023453191"
"8764","32769","32917","5.37849728388642"
"8765","32573","32918","14.0920277808964"
"8766","32573","32919","14.0920277808964"
"8767","32195","32920","34.3298636645"
"8768","32200","32921","33.9389839546639"
"8769","32200","32922","33.9389839546639"
"8770","32200","32923","33.9389839546639"
"8771","32200","32924","33.9389839546639"
"8772","32200","32925","33.9389839546639"
"8773","32748","32928","6.78091468571256"
"8774","32530","32929","16.5753685637296"
"8775","32530","32930","16.5753685637296"
"8776","32775","32934","5.68359971017253"
"8777","32297","32935","28.6920758459542"
"8778","32813","32937","4.5036866786279"
"8779","32659","32938","11.6135653095257"
"8780","32500","32939","17.818902181763"
"8781","32194","32942","34.8580988480837"
"8782","32194","32943","34.8580988480837"
"8783","32194","32944","34.8580988480837"
"8784","32800","32945","4.92820984857508"
"8785","32800","32946","4.92820984857508"
"8786","32800","32947","4.92820984857508"
"8787","32800","32948","4.92820984857508"
"8788","32514","32953","18.1251305324631"
"8789","32773","32959","7.10304389523299"
"8790","32435","32960","21.9259532270537"
"8791","32435","32961","21.9259532270537"
"8792","32435","32962","21.9259532270537"
"8793","32435","32963","21.9259532270537"
"8794","32435","32964","21.9259532270537"
"8795","32435","32965","21.9259532270537"
"8796","32622","32967","14.1969972106347"
"8797","32565","32968","16.9201769270112"
"8798","32758","32970","8.3952920260474"
"8799","32758","32971","8.3952920260474"
"8800","32758","32972","8.3952920260474"
"8801","32210","32977","35.5274924264611"
"8802","32210","32978","35.5274924264611"
"8803","32210","32979","35.5274924264611"
"8804","32497","32985","20.1658186039213"
"8805","32497","32986","20.1658186039213"
"8806","32635","32989","14.8724596007658"
"8807","32835","32992","7.01678531452308"
"8808","32797","32993","8.00014581543496"
"8809","32797","32994","8.00014581543496"
"8810","32797","32995","8.00014581543496"
"8811","32797","32996","8.00014581543496"
"8812","32797","32997","8.00014581543496"
"8813","31634","32998","66.2782110439282"
"8814","32512","33001","20.9863779945886"
"8815","32512","33002","20.9863779945886"
"8816","32512","33003","20.9863779945886"
"8817","32727","33004","10.9442699305757"
"8818","32735","33007","10.8036625346967"
"8819","32735","33008","10.8036625346967"
"8820","32811","33009","8.14018495131222"
"8821","32640","33010","15.6724894145882"
"8822","32640","33011","15.6724894145882"
"8823","32745","33016","10.7073750459633"
"8824","32938","33017","3.79428346508894"
"8825","32765","33024","10.5973969026613"
"8826","31546","33025","72.0664084546092"
"8827","32427","33026","25.1411240726159"
"8828","32427","33027","25.1411240726159"
"8829","32380","33028","30.0701256998634"
"8830","32517","33029","21.8507866752516"
"8831","32517","33030","21.8507866752516"
"8832","32517","33031","21.8507866752516"
"8833","32929","33032","4.54698934784255"
"8834","32873","33035","7.2328072494106"
"8835","32723","33037","12.2256920709124"
"8836","32723","33038","12.2256920709124"
"8837","32723","33039","12.2256920709124"
"8838","32723","33040","12.2256920709124"
"8839","32723","33041","12.2256920709124"
"8840","32723","33042","12.2256920709124"
"8841","32786","33043","9.99055063109381"
"8842","32907","33044","6.32686009790382"
"8843","32907","33045","6.32686009790382"
"8844","32907","33046","6.32686009790382"
"8845","32907","33047","6.32686009790382"
"8846","32606","33048","18.055566796085"
"8847","32611","33050","18.1033595926729"
"8848","32611","33051","18.1033595926729"
"8849","32425","33052","26.2098663760974"
"8850","32425","33053","26.2098663760974"
"8851","32425","33054","26.2098663760974"
"8852","32529","33055","21.8470015321757"
"8853","32008","33057","49.8324150834624"
"8854","32639","33058","17.4813919827993"
"8855","32639","33059","17.4813919827993"
"8856","32639","33060","17.4813919827993"
"8857","32540","33061","21.9682958693309"
"8858","32540","33062","21.9682958693309"
"8859","31972","33063","51.3216557949359"
"8860","32782","33066","10.9327183487708"
"8861","32674","33067","16.2291934684758"
"8862","32516","33070","23.3343090803462"
"8863","32995","33071","2.61509935910749"
"8864","32995","33072","2.61509935910749"
"8865","32995","33073","2.61509935910749"
"8866","32371","33075","32.4262499113056"
"8867","32371","33076","32.4262499113056"
"8868","31624","33077","69.2509813320103"
"8869","31624","33078","69.2509813320103"
"8870","31624","33079","69.2509813320103"
"8871","32918","33080","6.82708262606161"
"8872","32715","33081","14.3819134578496"
"8873","32824","33082","10.7235777760752"
"8874","32824","33083","10.7235777760752"
"8875","32439","33084","27.0925797877994"
"8876","32842","33089","9.97349198209326"
"8877","32719","33090","14.2617048602472"
"8878","32890","33091","8.78640427017626"
"8879","32890","33092","8.78640427017626"
"8880","32890","33093","8.78640427017626"
"8881","32609","33097","20.086033486602"
"8882","31807","33098","59.3881631247311"
"8883","31807","33099","59.3881631247311"
"8884","32886","33100","9.35818709709747"
"8885","32740","33101","14.2991151600288"
"8886","32740","33102","14.2991151600288"
"8887","32598","33103","20.7895122409759"
"8888","32678","33104","17.8683557641589"
"8889","32678","33105","17.8683557641589"
"8890","32678","33106","17.8683557641589"
"8891","32678","33107","17.8683557641589"
"8892","32040","33108","49.7490446626898"
"8893","32040","33109","49.7490446626898"
"8894","32684","33111","17.6327119216298"
"8895","32684","33112","17.6327119216298"
"8896","32684","33113","17.6327119216298"
"8897","32684","33114","17.6327119216298"
"8898","32713","33115","15.6232858087612"
"8899","32472","33116","26.9881545433259"
"8900","32472","33117","26.9881545433259"
"8901","32472","33118","26.9881545433259"
"8902","32472","33119","26.9881545433259"
"8903","32472","33120","26.9881545433259"
"8904","32472","33121","26.9881545433259"
"8905","32472","33122","26.9881545433259"
"8906","32805","33124","12.2288588779998"
"8907","32805","33125","12.2288588779998"
"8908","32998","33130","4.51198013568865"
"8909","32447","33131","28.4082427617147"
"8910","32717","33136","16.1813220207894"
"8911","32862","33137","11.4070182221126"
"8912","32779","33139","14.0866647496855"
"8913","31773","33140","63.5669446573306"
"8914","32555","33143","24.7498698925901"
"8915","32665","33145","20.1516604268638"
"8916","31731","33148","66.775737652684"
"8917","31731","33149","66.775737652684"
"8918","32722","33150","16.8411728287126"
"8919","32722","33151","16.8411728287126"
"8920","32722","33152","16.8411728287126"
"8921","32722","33153","16.8411728287126"
"8922","26354","33158","368.703685413537"
"8923","33093","33169","3.45733313591063"
"8924","31293","33174","90.8359948408986"
"8925","31293","33175","90.8359948408986"
"8926","32396","33177","34.2205043618601"
"8927","31885","33180","60.4390959865032"
"8928","32962","33184","9.66758638489273"
"8929","32962","33185","9.66758638489273"
"8930","32962","33186","9.66758638489273"
"8931","32532","33187","27.6499069454685"
"8932","32771","33194","17.2671414106185"
"8933","32771","33195","17.2671414106185"
"8934","32915","33196","12.1418568629879"
"8935","32944","33197","11.2135447581029"
"8936","32994","33199","8.31108127000198"
"8937","32994","33200","8.31108127000198"
"8938","33058","33201","6.44199727964792"
"8939","32327","33202","39.6690451155828"
"8940","32244","33203","43.5200785440479"
"8941","32244","33204","43.5200785440479"
"8942","32244","33205","43.5200785440479"
"8943","32244","33206","43.5200785440479"
"8944","32244","33207","43.5200785440479"
"8945","32922","33209","12.5214120393075"
"8946","32922","33210","12.5214120393075"
"8947","32618","33215","25.6124967784153"
"8948","32618","33216","25.6124967784153"
"8949","32618","33217","25.6124967784153"
"8950","32618","33218","25.6124967784153"
"8951","32845","33219","16.0857621797948"
"8952","32845","33220","16.0857621797948"
"8953","32845","33221","16.0857621797948"
"8954","32845","33222","16.0857621797948"
"8955","32845","33223","16.0857621797948"
"8956","32845","33224","16.0857621797948"
"8957","33109","33225","5.54271460173709"
"8958","32743","33226","20.2889584849111"
"8959","32689","33227","22.8263475174635"
"8960","31755","33229","70.1817850653624"
"8961","31755","33230","70.1817850653624"
"8962","33075","33232","8.05963211185644"
"8963","33075","33233","8.05963211185644"
"8964","33075","33234","8.05963211185644"
"8965","33075","33235","8.05963211185644"
"8966","33075","33236","8.05963211185644"
"8967","33028","33237","10.0765514460797"
"8968","31324","33238","93.9478655937166"
"8969","31324","33239","93.9478655937166"
"8970","32652","33240","26.1626639065655"
"8971","32652","33241","26.1626639065655"
"8972","32652","33242","26.1626639065655"
"8973","33035","33243","9.89645201536337"
"8974","33035","33244","9.89645201536337"
"8975","33035","33245","9.89645201536337"
"8976","32438","33247","35.2621665817171"
"8977","32874","33250","17.3044008236527"
"8978","32874","33251","17.3044008236527"
"8979","31894","33256","64.2184581726474"
"8980","31894","33257","64.2184581726474"
"8981","33052","33261","10.2284710151205"
"8982","32970","33266","13.8624138915268"
"8983","32964","33267","14.3221342575296"
"8984","32964","33268","14.3221342575296"
"8985","32964","33269","14.3221342575296"
"8986","32989","33270","13.2174139580277"
"8987","33139","33271","7.08065585587201"
"8988","33139","33272","7.08065585587201"
"8989","33139","33273","7.08065585587201"
"8990","33150","33275","6.39766225461699"
"8991","33150","33276","6.39766225461699"
"8992","33150","33277","6.39766225461699"
"8993","33150","33278","6.39766225461699"
"8994","31263","33281","97.739898380971"
"8995","33089","33282","9.323500544029"
"8996","33223","33283","3.27147299533999"
"8997","33223","33284","3.27147299533999"
"8998","32571","33286","30.9565295857835"
"8999","32675","33287","26.6846753328393"
"9000","32675","33288","26.6846753328393"
"9001","32675","33289","26.6846753328393"
"9002","32919","33290","16.88588564368"
"9003","32919","33291","16.88588564368"
"9004","32613","33296","29.3702585358824"
"9005","32613","33297","29.3702585358824"
"9006","32613","33298","29.3702585358824"
"9007","32613","33299","29.3702585358824"
"9008","32156","33301","53.1004894115304"
"9009","32778","33302","21.9345009155925"
"9010","32778","33303","21.9345009155925"
"9011","32812","33304","20.8882440395098"
"9012","32812","33305","20.8882440395098"
"9013","32812","33306","20.8882440395098"
"9014","33003","33307","12.9371209356668"
"9015","33003","33308","12.9371209356668"
"9016","32424","33313","37.5561829629694"
"9017","33112","33315","9.12621091853089"
"9018","33112","33316","9.12621091853089"
"9019","33112","33317","9.12621091853089"
"9020","33106","33322","9.29546040771083"
"9021","33106","33323","9.29546040771083"
"9022","33106","33324","9.29546040771083"
"9023","33106","33325","9.29546040771083"
"9024","33106","33326","9.29546040771083"
"9025","32683","33329","27.0866784478403"
"9026","32997","33330","13.6392446741177"
"9027","32997","33331","13.6392446741177"
"9028","32997","33332","13.6392446741177"
"9029","32594","33336","30.9222810029964"
"9030","33158","33337","7.69986307794397"
"9031","33158","33338","7.69986307794397"
"9032","32556","33339","33.3571097673255"
"9033","32556","33340","33.3571097673255"
"9034","30453","33341","147.181593598042"
"9035","30453","33342","147.181593598042"
"9036","32612","33343","30.5443103080936"
"9037","32612","33344","30.5443103080936"
"9038","33083","33346","11.2354218756609"
"9039","33083","33347","11.2354218756609"
"9040","32110","33348","55.9689535357174"
"9041","32672","33356","28.231203890002"
"9042","32672","33357","28.231203890002"
"9043","32968","33358","16.1509139142277"
"9044","33124","33359","10.2019715320373"
"9045","33066","33360","12.3262668338916"
"9046","33066","33361","12.3262668338916"
"9047","33066","33362","12.3262668338916"
"9048","32903","33363","19.7687253460272"
"9049","32469","33364","37.6351400458602"
"9050","32469","33365","37.6351400458602"
"9051","32469","33366","37.6351400458602"
"9052","33177","33368","7.4668113420862"
"9053","33177","33369","7.4668113420862"
"9054","32863","33370","21.0548119053199"
"9055","32863","33371","21.0548119053199"
"9056","32807","33373","22.9259874130687"
"9057","32807","33374","22.9259874130687"
"9058","32182","33375","53.4703528326474"
"9059","33039","33378","13.6831753051595"
"9060","33039","33379","13.6831753051595"
"9061","33205","33382","6.68199687972447"
"9062","33277","33383","2.90093755520411"
"9063","33277","33384","2.90093755520411"
"9064","33277","33385","2.90093755520411"
"9065","32864","33388","21.717426621115"
"9066","33063","33389","13.3599738241942"
"9067","33063","33390","13.3599738241942"
"9068","33063","33391","13.3599738241942"
"9069","33063","33392","13.3599738241942"
"9070","33063","33393","13.3599738241942"
"9071","33063","33394","13.3599738241942"
"9072","33099","33395","11.8764374952295"
"9073","33196","33397","8.10041157200772"
"9074","33196","33398","8.10041157200772"
"9075","33196","33399","8.10041157200772"
"9076","33010","33400","15.6884293582584"
"9077","32702","33401","28.0919219919133"
"9078","33045","33404","14.7723354710449"
"9079","33045","33405","14.7723354710449"
"9080","33045","33406","14.7723354710449"
"9081","32494","33407","38.0186461250346"
"9082","33224","33408","6.95057514662403"
"9083","32667","33417","30.9347798485496"
"9084","32658","33419","31.7955798290791"
"9085","32658","33420","31.7955798290791"
"9086","33152","33421","10.7673933809733"
"9087","33004","33422","16.8849064307317"
"9088","33210","33424","8.31573276321706"
"9089","32150","33427","57.6329037378719"
"9090","32375","33429","46.6888170725274"
"9091","32705","33430","29.6904201856887"
"9092","33025","33431","17.0523470277378"
"9093","30803","33432","128.710377577212"
"9094","32695","33433","30.2093974975755"
"9095","32695","33434","30.2093974975755"
"9096","33070","33435","15.3198235756897"
"9097","33070","33436","15.3198235756897"
"9098","33070","33437","15.3198235756897"
"9099","33281","33446","5.31383822728549"
"9100","32692","33447","30.5386528470913"
"9101","32692","33448","30.5386528470913"
"9102","32799","33452","25.9534290635081"
"9103","32799","33453","25.9534290635081"
"9104","32799","33454","25.9534290635081"
"9105","33092","33455","14.7064535063028"
"9106","33082","33456","15.2290286919879"
"9107","32764","33461","28.5677562604733"
"9108","32764","33462","28.5677562604733"
"9109","32519","33463","39.5043604292778"
"9110","33299","33464","5.70134521813338"
"9111","33002","33467","19.1131015438541"
"9112","32965","33468","21.4040423325953"
"9113","33204","33469","10.7608442239582"
"9114","33204","33470","10.7608442239582"
"9115","33197","33472","11.3131476600479"
"9116","33043","33475","18.5067580548539"
"9117","33043","33476","18.5067580548539"
"9118","32736","33477","30.5595570900446"
"9119","32920","33478","23.8214884171114"
"9120","33125","33479","15.9942987006239"
"9121","33061","33482","18.3244276988369"
"9122","33061","33483","18.3244276988369"
"9123","31515","33484","93.906297530021"
"9124","33169","33492","13.8368867497504"
"9125","33238","33494","9.79821064655039"
"9126","30725","33497","135.866701443777"
"9127","30725","33498","135.866701443777"
"9128","32592","33499","38.2912374964435"
"9129","33424","33500","4.02706622245114"
"9130","33424","33501","4.02706622245114"
"9131","33424","33502","4.02706622245114"
"9132","33148","33513","16.0842614604935"
"9133","33148","33514","16.0842614604935"
"9134","32986","33515","23.2790128779031"
"9135","32986","33516","23.2790128779031"
"9136","31830","33528","77.7166290653115"
"9137","33287","33529","9.85789731509522"
"9138","32143","33534","63.1009061601749"
"9139","32143","33535","63.1009061601749"
"9140","33363","33536","8.24371698332948"
"9141","33363","33537","8.24371698332948"
"9142","32324","33541","54.2880486920249"
"9143","30623","33543","144.257199074198"
"9144","30623","33544","144.257199074198"
"9145","30623","33545","144.257199074198"
"9146","30623","33546","144.257199074198"
"9147","32910","33547","27.8842557082041"
"9148","32910","33548","27.8842557082041"
"9149","32910","33549","27.8842557082041"
"9150","32910","33550","27.8842557082041"
"9151","32910","33551","27.8842557082041"
"9152","32910","33552","27.8842557082041"
"9153","32910","33553","27.8842557082041"
"9154","33272","33554","10.8417123968957"
"9155","33272","33555","10.8417123968957"
"9156","33276","33556","10.7719097758745"
"9157","32724","33557","34.0115705887472"
"9158","32724","33558","34.0115705887472"
"9159","32724","33559","34.0115705887472"
"9160","31785","33560","81.1397393865423"
"9161","32523","33561","43.7646106769798"
"9162","32523","33562","43.7646106769798"
"9163","32523","33563","43.7646106769798"
"9164","33463","33566","5.09386381965101"
"9165","33185","33567","16.4569796758283"
"9166","33315","33568","10.8101845305891"
"9167","33370","33569","9.53219852930715"
"9168","33370","33570","9.53219852930715"
"9169","33370","33571","9.53219852930715"
"9170","33236","33572","13.5864890122605"
"9171","33236","33573","13.5864890122605"
"9172","33236","33574","13.5864890122605"
"9173","33236","33575","13.5864890122605"
"9174","30485","33576","154.942838939852"
"9175","33340","33580","10.9273312412456"
"9176","33340","33581","10.9273312412456"
"9177","33393","33582","9.58062580524393"
"9178","33382","33583","9.84062499857487"
"9179","33382","33584","9.84062499857487"
"9180","33382","33585","9.84062499857487"
"9181","33382","33586","9.84062499857487"
"9182","33382","33587","9.84062499857487"
"9183","33382","33588","9.84062499857487"
"9184","33382","33589","9.84062499857487"
"9185","32961","33590","27.2345526034617"
"9186","33378","33591","9.99172787398652"
"9187","31997","33592","73.2472982320007"
"9188","31997","33593","73.2472982320007"
"9189","31997","33594","73.2472982320007"
"9190","31997","33595","73.2472982320007"
"9191","31997","33596","73.2472982320007"
"9192","31997","33597","73.2472982320007"
"9193","32794","33598","33.3479650738966"
"9194","32794","33599","33.3479650738966"
"9195","32794","33600","33.3479650738966"
"9196","32794","33601","33.3479650738966"
"9197","32794","33602","33.3479650738966"
"9198","32794","33603","33.3479650738966"
"9199","32794","33604","33.3479650738966"
"9200","33261","33605","13.3229013925068"
"9201","32792","33606","33.7383056112858"
"9202","32826","33607","33.0080596681732"
"9203","32826","33608","33.0080596681732"
"9204","33362","33610","10.8430498462835"
"9205","33362","33611","10.8430498462835"
"9206","33362","33612","10.8430498462835"
"9207","32947","33613","28.5402985223798"
"9208","32218","33614","61.6660418612887"
"9209","33051","33615","24.094778751449"
"9210","33051","33616","24.094778751449"
"9211","33282","33617","13.1990004558186"
"9212","33282","33618","13.1990004558186"
"9213","32725","33619","36.6186924074489"
"9214","33368","33620","11.1787391695793"
"9215","33368","33621","11.1787391695793"
"9216","33368","33622","11.1787391695793"
"9217","33368","33623","11.1787391695793"
"9218","33368","33624","11.1787391695793"
"9219","32607","33625","42.4282871301114"
"9220","33468","33626","6.69483608244104"
"9221","33199","33627","17.8363998545094"
"9222","33199","33628","17.8363998545094"
"9223","33199","33629","17.8363998545094"
"9224","33199","33630","17.8363998545094"
"9225","33242","33633","15.0708401703009"
"9226","33242","33634","15.0708401703009"
"9227","33541","33635","3.24622643186763"
"9228","32423","33636","50.815476496211"
"9229","32423","33637","50.815476496211"
"9230","32423","33638","50.815476496211"
"9231","32423","33639","50.815476496211"
"9232","32423","33640","50.815476496211"
"9233","32423","33641","50.815476496211"
"9234","33399","33642","10.5381149989014"
"9235","33399","33643","10.5381149989014"
"9236","33456","33644","8.25544957333636"
"9237","33257","33645","15.2886215146239"
"9238","33257","33646","15.2886215146239"
"9239","33257","33647","15.2886215146239"
"9240","33257","33648","15.2886215146239"
"9241","33257","33649","15.2886215146239"
"9242","33502","33650","5.650186537737"
"9243","33502","33651","5.650186537737"
"9244","33356","33656","12.680501046329"
"9245","33356","33657","12.680501046329"
"9246","32841","33658","33.8662573787662"
"9247","33232","33662","16.5522422718122"
"9248","33232","33663","16.5522422718122"
"9249","33301","33666","14.6338873719467"
"9250","32762","33667","37.5974913795944"
"9251","32762","33668","37.5974913795944"
"9252","33447","33669","9.76086480478693"
"9253","32670","33674","41.8178844212559"
"9254","33417","33676","11.4323716375311"
"9255","33417","33677","11.4323716375311"
"9256","33417","33678","11.4323716375311"
"9257","33101","33684","24.2081424063392"
"9258","31982","33687","76.9989511283857"
"9259","31982","33688","76.9989511283857"
"9260","31982","33689","76.9989511283857"
"9261","31982","33690","76.9989511283857"
"9262","31982","33691","76.9989511283857"
"9263","33297","33695","15.2765139442665"
"9264","33278","33696","15.7796131395776"
"9265","33278","33697","15.7796131395776"
"9266","33278","33698","15.7796131395776"
"9267","32466","33699","51.3758743938747"
"9268","33090","33701","24.9523026195952"
"9269","33371","33702","13.620511285804"
"9270","33366","33704","13.9032672855205"
"9271","33366","33705","13.9032672855205"
"9272","33251","33717","17.6471863303925"
"9273","33251","33718","17.6471863303925"
"9274","33251","33719","17.6471863303925"
"9275","33194","33720","21.253903773784"
"9276","33593","33722","4.22720026350135"
"9277","33053","33723","27.742055509689"
"9278","33053","33724","27.742055509689"
"9279","32028","33725","76.1281521673025"
"9280","32028","33726","76.1281521673025"
"9281","32028","33727","76.1281521673025"
"9282","32028","33728","76.1281521673025"
"9283","32801","33729","37.7722034370631"
"9284","32801","33730","37.7722034370631"
"9285","32569","33731","48.1053228270027"
"9286","32569","33732","48.1053228270027"
"9287","32569","33733","48.1053228270027"
"9288","32569","33734","48.1053228270027"
"9289","32569","33735","48.1053228270027"
"9290","32569","33736","48.1053228270027"
"9291","32569","33737","48.1053228270027"
"9292","33469","33742","10.5805835238407"
"9293","33469","33743","10.5805835238407"
"9294","33469","33744","10.5805835238407"
"9295","33325","33745","16.630168885971"
"9296","33557","33746","6.73113276853587"
"9297","32912","33751","34.8402151667185"
"9298","33452","33752","12.7580140594587"
"9299","33452","33753","12.7580140594587"
"9300","33452","33754","12.7580140594587"
"9301","33452","33755","12.7580140594587"
"9302","33452","33756","12.7580140594587"
"9303","33406","33759","14.4830784240683"
"9304","33551","33763","7.81303690639902"
"9305","33551","33764","7.81303690639902"
"9306","31547","33765","102.456706876423"
"9307","31547","33766","102.456706876423"
"9308","33247","33768","19.8830757465241"
"9309","33587","33771","6.07626520164763"
"9310","33587","33772","6.07626520164763"
"9311","33271","33773","18.8198077240866"
"9312","33271","33774","18.8198077240866"
"9313","33271","33775","18.8198077240866"
"9314","32809","33776","39.391796789771"
"9315","33719","33785","3.0987991565305"
"9316","33719","33786","3.0987991565305"
"9317","33719","33787","3.0987991565305"
"9318","33296","33789","19.2847816115543"
"9319","33296","33790","19.2847816115543"
"9320","33296","33791","19.2847816115543"
"9321","33296","33792","19.2847816115543"
"9322","32985","33793","33.3390061811563"
"9323","32985","33794","33.3390061811563"
"9324","32985","33795","33.3390061811563"
"9325","32985","33796","33.3390061811563"
"9326","32985","33797","33.3390061811563"
"9327","32985","33798","33.3390061811563"
"9328","33339","33799","18.3001894044316"
"9329","33339","33800","18.3001894044316"
"9330","33595","33801","7.16768702766581"
"9331","33434","33803","14.6700252960925"
"9332","33434","33804","14.6700252960925"
"9333","33067","33807","30.303947496617"
"9334","33067","33808","30.303947496617"
"9335","33102","33809","28.9821075380023"
"9336","33102","33810","28.9821075380023"
"9337","33098","33811","29.3431204139472"
"9338","33098","33812","29.3431204139472"
"9339","33467","33817","14.306992647787"
"9340","33467","33818","14.306992647787"
"9341","33467","33819","14.306992647787"
"9342","32916","33820","37.8011987104449"
"9343","32916","33821","37.8011987104449"
"9344","32052","33822","78.4415594920597"
"9345","32052","33823","78.4415594920597"
"9346","32052","33824","78.4415594920597"
"9347","32052","33825","78.4415594920597"
"9348","32052","33826","78.4415594920597"
"9349","32052","33827","78.4415594920597"
"9350","32052","33828","78.4415594920597"
"9351","33250","33829","22.3319570205958"
"9352","33250","33830","22.3319570205958"
"9353","33501","33831","12.4279401467738"
"9354","33501","33832","12.4279401467738"
"9355","33622","33836","7.89178951051235"
"9356","33622","33837","7.89178951051235"
"9357","33622","33838","7.89178951051235"
"9358","33622","33839","7.89178951051235"
"9359","33622","33840","7.89178951051235"
"9360","33586","33841","8.79605516893776"
"9361","33586","33842","8.79605516893776"
"9362","33737","33843","4.18825417170842"
"9363","33737","33844","4.18825417170842"
"9364","33737","33845","4.18825417170842"
"9365","33737","33846","4.18825417170842"
"9366","33574","33847","9.75979093898377"
"9367","33574","33848","9.75979093898377"
"9368","33437","33849","16.4033129763407"
"9369","33437","33850","16.4033129763407"
"9370","30415","33853","170.024754862419"
"9371","30415","33854","170.024754862419"
"9372","33581","33855","9.37779018685364"
"9373","33581","33856","9.37779018685364"
"9374","33581","33857","9.37779018685364"
"9375","33558","33858","11.1851808392198"
"9376","33558","33859","11.1851808392198"
"9377","33215","33860","25.0846978199093"
"9378","32739","33861","45.0549777975614"
"9379","32739","33862","45.0549777975614"
"9380","33614","33863","9.11561744698565"
"9381","33612","33869","9.33407065093729"
"9382","33612","33870","9.33407065093729"
"9383","33606","33877","9.6768556221657"
"9384","33606","33878","9.6768556221657"
"9385","33606","33879","9.6768556221657"
"9386","33657","33880","8.03898377212818"
"9387","33575","33881","10.7772159778126"
"9388","30710","33882","151.162197303755"
"9389","30710","33883","151.162197303755"
"9390","33811","33884","2.61728329509697"
"9391","33811","33885","2.61728329509697"
"9392","33811","33886","2.61728329509697"
"9393","33697","33887","7.45243547383598"
"9394","33735","33888","5.97722050633365"
"9395","33735","33889","5.97722050633365"
"9396","33548","33892","12.590201409482"
"9397","33548","33893","12.590201409482"
"9398","33548","33894","12.590201409482"
"9399","32369","33895","65.5970803715645"
"9400","33121","33904","31.7619484173038"
"9401","33723","33905","6.43991608794931"
"9402","33582","33906","10.8730321493797"
"9403","32276","33914","69.8091594920011"
"9404","33553","33915","13.4319773885793"
"9405","33553","33916","13.4319773885793"
"9406","33615","33919","10.9741348153782"
"9407","32971","33920","38.5885222642189"
"9408","33273","33921","24.4940793295452"
"9409","33273","33922","24.4940793295452"
"9410","33273","33923","24.4940793295452"
"9411","33619","33926","11.5282520796113"
"9412","31363","33927","118.276755605054"
"9413","31363","33928","118.276755605054"
"9414","33793","33931","5.82607755573554"
"9415","33793","33932","5.82607755573554"
"9416","33793","33933","5.82607755573554"
"9417","33793","33934","5.82607755573554"
"9418","33793","33935","5.82607755573554"
"9419","32546","33937","58.2993196558994"
"9420","33787","33938","6.52485492010078"
"9421","33359","33939","24.0997558893594"
"9422","33461","33942","20.0742043826986"
"9423","33477","33944","18.9444450778001"
"9424","33454","33945","21.0434938457536"
"9425","33119","33946","34.9605207372974"
"9426","33119","33947","34.9605207372974"
"9427","33119","33948","34.9605207372974"
"9428","33119","33949","34.9605207372974"
"9429","33549","33950","15.9303872955502"
"9430","32671","33953","53.4294544309212"
"9431","32671","33954","53.4294544309212"
"9432","32671","33955","53.4294544309212"
"9433","32671","33956","53.4294544309212"
"9434","32844","33957","46.1661405774485"
"9435","33374","33958","24.4748217106269"
"9436","33765","33959","8.51249564553177"
"9437","33765","33960","8.51249564553177"
"9438","33765","33961","8.51249564553177"
"9439","32359","33962","69.4352165364576"
"9440","32359","33963","69.4352165364576"
"9441","33478","33965","19.6379874346674"
"9442","32542","33967","59.8779409005501"
"9443","32542","33968","59.8779409005501"
"9444","32495","33969","61.785100330957"
"9445","33729","33971","10.4369112316172"
"9446","33729","33972","10.4369112316172"
"9447","33729","33973","10.4369112316172"
"9448","33786","33974","8.21363923352214"
"9449","32806","33979","48.352011312016"
"9450","33636","33980","14.1653686475829"
"9451","33636","33981","14.1653686475829"
"9452","33492","33989","19.8943669922164"
"9453","33492","33990","19.8943669922164"
"9454","33492","33991","19.8943669922164"
"9455","33492","33992","19.8943669922164"
"9456","32763","33993","50.6156793256412"
"9457","33375","33995","25.8178837602843"
"9458","33375","33996","25.8178837602843"
"9459","33375","33997","25.8178837602843"
"9460","33820","33999","7.49072807629"
"9461","33316","34000","27.8825935804698"
"9462","33831","34002","7.52229972427494"
"9463","33939","34003","2.65746817627746"
"9464","33939","34004","2.65746817627746"
"9465","33939","34005","2.65746817627746"
"9466","33588","34006","16.2808947699386"
"9467","33616","34007","15.6325113736441"
"9468","33663","34008","14.1483564878429"
"9469","33663","34009","14.1483564878429"
"9470","33663","34010","14.1483564878429"
"9471","33202","34011","33.0647104354175"
"9472","33483","34013","21.249652880216"
"9473","33483","34014","21.249652880216"
"9474","33390","34017","26.4856814215452"
"9475","33796","34018","9.71615041581867"
"9476","33796","34019","9.71615041581867"
"9477","33796","34020","9.71615041581867"
"9478","33796","34021","9.71615041581867"
"9479","33841","34022","8.12190822314551"
"9480","33841","34023","8.12190822314551"
"9481","33803","34024","9.6052061137259"
"9482","33803","34025","9.6052061137259"
"9483","31966","34026","91.6041179736492"
"9484","33379","34028","27.2168591450131"
"9485","33245","34032","31.4547051208535"
"9486","33269","34034","30.4657417587114"
"9487","33269","34035","30.4657417587114"
"9488","33269","34036","30.4657417587114"
"9489","33269","34037","30.4657417587114"
"9490","33269","34038","30.4657417587114"
"9491","33662","34039","15.6274312473918"
"9492","32676","34042","57.1175251201666"
"9493","32676","34043","57.1175251201666"
"9494","32676","34044","57.1175251201666"
"9495","31934","34048","94.3163556094639"
"9496","31934","34049","94.3163556094639"
"9497","31934","34050","94.3163556094639"
"9498","33388","34057","28.1626379312113"
"9499","33388","34058","28.1626379312113"
"9500","33388","34059","28.1626379312113"
"9501","33388","34060","28.1626379312113"
"9502","33863","34061","9.08822867809226"
"9503","33635","34063","17.5952935641587"
"9504","33635","34064","17.5952935641587"
"9505","33635","34065","17.5952935641587"
"9506","33742","34066","14.0241177150665"
"9507","33742","34067","14.0241177150665"
"9508","33422","34068","26.8735821059872"
"9509","33422","34069","26.8735821059872"
"9510","33422","34070","26.8735821059872"
"9511","33422","34071","26.8735821059872"
"9512","33216","34072","34.6622447022969"
"9513","33724","34075","14.7646566648973"
"9514","33724","34076","14.7646566648973"
"9515","33724","34077","14.7646566648973"
"9516","33724","34078","14.7646566648973"
"9517","33800","34079","11.921936392019"
"9518","33914","34083","8.11455787227942"
"9519","33753","34089","14.0720225527032"
"9520","32865","34090","51.4253410365104"
"9521","32865","34091","51.4253410365104"
"9522","32865","34092","51.4253410365104"
"9523","32865","34093","51.4253410365104"
"9524","32865","34094","51.4253410365104"
"9525","32865","34095","51.4253410365104"
"9526","33807","34096","12.568958254948"
"9527","33421","34100","28.5616180371233"
"9528","33824","34101","11.8732449366241"
"9529","33824","34102","11.8732449366241"
"9530","33824","34103","11.8732449366241"
"9531","33768","34104","14.5221210329496"
"9532","33840","34105","11.8401051867656"
"9533","33840","34106","11.8401051867656"
"9534","33840","34107","11.8401051867656"
"9535","33840","34108","11.8401051867656"
"9536","33840","34109","11.8401051867656"
"9537","33592","34110","20.4349773007768"
"9538","33592","34111","20.4349773007768"
"9539","34014","34117","4.21361731151637"
"9540","34014","34118","4.21361731151637"
"9541","33726","34119","16.3207926859479"
"9542","33222","34120","36.6160379716637"
"9543","33687","34121","17.9009174910088"
"9544","33240","34122","34.9719824374567"
"9545","33810","34123","13.2000713619166"
"9546","33821","34124","12.593272852801"
"9547","33879","34125","11.1223000294995"
"9548","33754","34126","15.4793951700697"
"9549","33640","34128","20.106294119887"
"9550","33640","34129","20.106294119887"
"9551","33640","34130","20.106294119887"
"9552","34006","34131","5.08942784783926"
"9553","33599","34136","21.4554156626025"
"9554","33599","34137","21.4554156626025"
"9555","33827","34142","13.1748134410168"
"9556","33623","34146","21.0157926848638"
"9557","33623","34147","21.0157926848638"
"9558","33623","34148","21.0157926848638"
"9559","33623","34149","21.0157926848638"
"9560","33617","34150","21.2026170273898"
"9561","32744","34151","57.3571318863546"
"9562","32744","34152","57.3571318863546"
"9563","33836","34153","13.3535282757514"
"9564","33836","34154","13.3535282757514"
"9565","33696","34160","19.0106617787633"
"9566","33954","34161","7.88396180848508"
"9567","33775","34162","16.1000165504324"
"9568","33926","34163","10.0376027831055"
"9569","33689","34165","19.3598583596163"
"9570","32486","34166","69.7777809484223"
"9571","32486","34167","69.7777809484223"
"9572","33596","34168","22.4761954532855"
"9573","34044","34169","4.48294291810066"
"9574","33919","34172","11.0111481769113"
"9575","33919","34173","11.0111481769113"
"9576","33919","34174","11.0111481769113"
"9577","33919","34175","11.0111481769113"
"9578","32418","34176","73.2868034893092"
"9579","32418","34177","73.2868034893092"
"9580","32543","34178","67.9258249184343"
"9581","32747","34179","58.5538324324014"
"9582","32747","34180","58.5538324324014"
"9583","34083","34186","4.19273248728155"
"9584","33888","34188","13.1876512974757"
"9585","33799","34190","16.6953320877658"
"9586","34064","34191","5.24219933317704"
"9587","33881","34192","14.2239072675677"
"9588","33892","34196","13.63279632431"
"9589","33651","34200","22.7778900576468"
"9590","33651","34201","22.7778900576468"
"9591","33751","34210","19.2005602689667"
"9592","33136","34219","45.2507710694777"
"9593","33960","34221","10.5561324712751"
"9594","33886","34222","14.5396210877207"
"9595","33886","34223","14.5396210877207"
"9596","33825","34225","16.838751266424"
"9597","33059","34227","48.8730571105514"
"9598","33059","34228","48.8730571105514"
"9599","33854","34229","16.4961451354184"
"9600","33854","34230","16.4961451354184"
"9601","33854","34231","16.4961451354184"
"9602","33854","34232","16.4961451354184"
"9603","33955","34233","11.3651603704654"
"9604","31710","34234","112.833401016194"
"9605","31710","34235","112.833401016194"
"9606","34002","34241","10.4374919659583"
"9607","34068","34244","7.86438597609867"
"9608","34068","34245","7.86438597609867"
"9609","34068","34246","7.86438597609867"
"9610","33537","34247","29.1139902718087"
"9611","31551","34249","122.802501677078"
"9612","31551","34250","122.802501677078"
"9613","31551","34251","122.802501677078"
"9614","31551","34252","122.802501677078"
"9615","31551","34253","122.802501677078"
"9616","34038","34259","9.72100638996108"
"9617","34038","34260","9.72100638996108"
"9618","33175","34262","45.4875304665127"
"9619","33906","34263","16.8415571370106"
"9620","33906","34264","16.8415571370106"
"9621","34057","34265","9.26537855631614"
"9622","34057","34266","9.26537855631614"
"9623","33684","34267","24.7317695018871"
"9624","33684","34268","24.7317695018871"
"9625","33684","34269","24.7317695018871"
"9626","33684","34270","24.7317695018871"
"9627","33684","34271","24.7317695018871"
"9628","33979","34272","12.4909866718981"
"9629","33979","34273","12.4909866718981"
"9630","33979","34274","12.4909866718981"
"9631","33979","34275","12.4909866718981"
"9632","33602","34276","27.7260361468554"
"9633","33602","34277","27.7260361468554"
"9634","33602","34278","27.7260361468554"
"9635","34146","34279","6.10263181094979"
"9636","34146","34280","6.10263181094979"
"9637","34146","34281","6.10263181094979"
"9638","33766","34282","22.1078302843496"
"9639","33766","34283","22.1078302843496"
"9640","33766","34284","22.1078302843496"
"9641","33656","34285","26.1440516774637"
"9642","33071","34286","50.6682603314962"
"9643","33071","34287","50.6682603314962"
"9644","33969","34288","13.2717172600387"
"9645","33969","34289","13.2717172600387"
"9646","33969","34290","13.2717172600387"
"9647","33972","34291","13.2117721958382"
"9648","34022","34292","11.6733963499635"
"9649","33360","34293","39.2018702162916"
"9650","33464","34298","36.0356354323631"
"9651","33464","34299","36.0356354323631"
"9652","34043","34302","11.6193148869809"
"9653","34043","34303","11.6193148869809"
"9654","33883","34308","19.667941003064"
"9655","34176","34309","7.2526786083622"
"9656","34176","34310","7.2526786083622"
"9657","34095","34311","10.1935567003636"
"9658","34048","34316","11.982782896049"
"9659","34048","34317","11.982782896049"
"9660","33932","34318","17.5900460355031"
"9661","33932","34319","17.5900460355031"
"9662","34227","34320","4.98380850491526"
"9663","32992","34324","56.0108639793909"
"9664","32992","34325","56.0108639793909"
"9665","32992","34326","56.0108639793909"
"9666","32992","34327","56.0108639793909"
"9667","34161","34330","8.79679829460088"
"9668","34118","34333","11.1825475668611"
"9669","32795","34334","65.1826875272911"
"9670","34042","34335","13.9257033477818"
"9671","34042","34336","13.9257033477818"
"9672","33600","34337","32.039395901239"
"9673","34089","34339","12.5259146722778"
"9674","34089","34340","12.5259146722778"
"9675","34101","34341","11.9079231481867"
"9676","34026","34342","15.2097014786748"
"9677","34026","34343","15.2097014786748"
"9678","34327","34344","1.63994814682223"
"9679","34327","34345","1.63994814682223"
"9680","34327","34346","1.63994814682223"
"9681","34327","34347","1.63994814682223"
"9682","33608","34348","32.1864511577758"
"9683","33329","34349","44.3419512576745"
"9684","32673","34350","71.7981043503803"
"9685","32673","34351","71.7981043503803"
"9686","32673","34352","71.7981043503803"
"9687","34039","34357","15.4093147806727"
"9688","33884","34359","22.9026768248946"
"9689","33884","34360","22.9026768248946"
"9690","33884","34361","22.9026768248946"
"9691","34093","34362","13.4472691830588"
"9692","34077","34363","14.582146538701"
"9693","33755","34365","28.2347062661515"
"9694","33755","34366","28.2347062661515"
"9695","33755","34367","28.2347062661515"
"9696","33620","34368","33.1384328197578"
"9697","33666","34369","31.5252195860876"
"9698","33666","34370","31.5252195860876"
"9699","33666","34371","31.5252195860876"
"9700","34034","34372","16.503881257398"
"9701","33808","34374","26.6148033840516"
"9702","33186","34375","51.7283401763898"
"9703","33186","34376","51.7283401763898"
"9704","33642","34379","33.1934323923576"
"9705","33642","34380","33.1934323923576"
"9706","34094","34381","14.7129597195244"
"9707","34094","34382","14.7129597195244"
"9708","33959","34383","20.2817708072685"
"9709","33965","34388","20.1683420706006"
"9710","33965","34389","20.1683420706006"
"9711","33965","34390","20.1683420706006"
"9712","33882","34391","24.6558099274287"
"9713","33882","34392","24.6558099274287"
"9714","33938","34394","21.5738384169465"
"9715","33938","34395","21.5738384169465"
"9716","33256","34396","48.6145765989952"
"9717","33570","34397","35.9468929127218"
"9718","34221","34398","10.1663583951042"
"9719","34221","34399","10.1663583951042"
"9720","33151","34401","54.3254893704798"
"9721","33151","34402","54.3254893704798"
"9722","33498","34403","39.3469283670142"
"9723","33935","34404","22.4727512823658"
"9724","33992","34408","20.1738168740164"
"9725","33705","34409","32.3139700777044"
"9726","34005","34413","19.9845589261258"
"9727","34005","34414","19.9845589261258"
"9728","34005","34415","19.9845589261258"
"9729","34005","34416","19.9845589261258"
"9730","33429","34417","43.9389294331927"
"9731","34050","34421","18.2045047596898"
"9732","34050","34422","18.2045047596898"
"9733","34050","34423","18.2045047596898"
"9734","34050","34424","18.2045047596898"
"9735","34050","34425","18.2045047596898"
"9736","34050","34426","18.2045047596898"
"9737","34050","34427","18.2045047596898"
"9738","34279","34428","8.59819872836624"
"9739","33122","34429","57.632350088694"
"9740","32159","34430","101.912845146843"
"9741","34273","34432","9.19953915999463"
"9742","33855","34434","27.8880545251352"
"9743","33855","34435","27.8880545251352"
"9744","33855","34436","27.8880545251352"
"9745","34334","34439","5.32144788308892"
"9746","34186","34441","13.9501904520541"
"9747","34186","34442","13.9501904520541"
"9748","32406","34443","88.9233885558331"
"9749","32406","34444","88.9233885558331"
"9750","33928","34445","25.3578859836271"
"9751","33928","34446","25.3578859836271"
"9752","33889","34447","27.2935152769403"
"9753","33235","34448","52.3648739012301"
"9754","33235","34449","52.3648739012301"
"9755","34320","34453","7.41257720287831"
"9756","34320","34454","7.41257720287831"
"9757","32859","34455","69.7007252901451"
"9758","34262","34456","10.5459501322912"
"9759","34281","34457","10.2159204146221"
"9760","34281","34458","10.2159204146221"
"9761","33733","34459","33.4686039399107"
"9762","33944","34462","24.4791661302572"
"9763","33343","34465","49.6181369545216"
"9764","33343","34466","49.6181369545216"
"9765","34200","34467","14.2173650477246"
"9766","34200","34468","14.2173650477246"
"9767","34389","34469","3.96953668780475"
"9768","34167","34470","16.4194327752764"
"9769","34167","34471","16.4194327752764"
"9770","34335","34472","7.05300655074211"
"9771","34111","34473","18.5586386831969"
"9772","34111","34474","18.5586386831969"
"9773","34111","34475","18.5586386831969"
"9774","34111","34476","18.5586386831969"
"9775","34111","34477","18.5586386831969"
"9776","34111","34478","18.5586386831969"
"9777","34111","34479","18.5586386831969"
"9778","34111","34480","18.5586386831969"
"9779","34036","34482","21.8006002542222"
"9780","34260","34483","12.1610162601994"
"9781","34260","34484","12.1610162601994"
"9782","34260","34485","12.1610162601994"
"9783","34260","34486","12.1610162601994"
"9784","34260","34487","12.1610162601994"
"9785","34260","34488","12.1610162601994"
"9786","33731","34489","34.7610924427304"
"9787","33915","34493","27.9379803266543"
"9788","34123","34495","18.7511851732747"
"9789","34123","34496","18.7511851732747"
"9790","33699","34497","36.6406462657792"
"9791","33699","34498","36.6406462657792"
"9792","34336","34499","7.81112435123418"
"9793","33878","34500","29.95454174255"
"9794","33878","34501","29.95454174255"
"9795","33030","34503","64.1850164819771"
"9796","33862","34504","30.5896089600842"
"9797","33862","34505","30.5896089600842"
"9798","34380","34508","5.64267289045733"
"9799","34380","34509","5.64267289045733"
"9800","34166","34510","18.0018927948406"
"9801","34166","34511","18.0018927948406"
"9802","34020","34512","23.5804495011503"
"9803","34020","34513","23.5804495011503"
"9804","34309","34516","10.7449144842935"
"9805","33690","34518","38.2105492115097"
"9806","34471","34519","2.37884155599409"
"9807","33963","34520","26.8058249070341"
"9808","34447","34521","3.37539026100308"
"9809","34007","34522","25.0634527991685"
"9810","34274","34523","13.5956038315333"
"9811","34274","34524","13.5956038315333"
"9812","34274","34525","13.5956038315333"
"9813","34274","34526","13.5956038315333"
"9814","33626","34527","40.6505040354125"
"9815","33626","34528","40.6505040354125"
"9816","33626","34529","40.6505040354125"
"9817","33626","34530","40.6505040354125"
"9818","34137","34531","20.0470499296048"
"9819","34137","34532","20.0470499296048"
"9820","33801","34534","34.6388641734266"
"9821","32641","34535","82.506292639654"
"9822","32641","34536","82.506292639654"
"9823","33927","34537","29.5176437430068"
"9824","33927","34538","29.5176437430068"
"9825","33948","34539","28.0698832203234"
"9826","33948","34540","28.0698832203234"
"9827","33956","34542","28.0510444652991"
"9828","34196","34547","18.2225009580807"
"9829","33344","34548","53.5572398653014"
"9830","34270","34549","15.0426274630377"
"9831","33736","34550","38.1654602748242"
"9832","33736","34551","38.1654602748242"
"9833","33736","34552","38.1654602748242"
"9834","34244","34555","16.4274995453775"
"9835","32112","34556","109.919606335856"
"9836","32112","34557","109.919606335856"
"9837","32112","34558","109.919606335856"
"9838","32112","34559","109.919606335856"
"9839","33961","34560","28.7889792755711"
"9840","33961","34561","28.7889792755711"
"9841","33962","34562","29.1058764034408"
"9842","34265","34570","16.3914905990991"
"9843","34265","34571","16.3914905990991"
"9844","33942","34572","30.5885998854333"
"9845","33942","34573","30.5885998854333"
"9846","34409","34574","8.88547433509029"
"9847","34409","34575","8.88547433509029"
"9848","34493","34576","5.28720891446164"
"9849","34456","34577","6.7212559769489"
"9850","32972","34578","71.6946262988447"
"9851","34366","34579","11.1715956543312"
"9852","34366","34580","11.1715956543312"
"9853","34366","34581","11.1715956543312"
"9854","34474","34587","6.23297767354552"
"9855","34474","34588","6.23297767354552"
"9856","34474","34589","6.23297767354552"
"9857","34488","34593","6.15126616230168"
"9858","34531","34594","3.98522164777614"
"9859","34531","34595","3.98522164777614"
"9860","34152","34599","24.1268827630527"
"9861","34152","34600","24.1268827630527"
"9862","34152","34601","24.1268827630527"
"9863","34152","34602","24.1268827630527"
"9864","34289","34604","17.9597145774089"
"9865","34430","34605","9.638334124415"
"9866","34430","34606","9.638334124415"
"9867","34455","34607","8.33441442884214"
"9868","34455","34608","8.33441442884214"
"9869","34277","34609","18.5911738665638"
"9870","34284","34610","18.444782339817"
"9871","34284","34611","18.444782339817"
"9872","34398","34612","11.3724479236482"
"9873","34454","34613","8.49775956486383"
"9874","32772","34615","80.979550923799"
"9875","34446","34617","8.89216225373934"
"9876","34446","34618","8.89216225373934"
"9877","34446","34619","8.89216225373934"
"9878","34446","34620","8.89216225373934"
"9879","34446","34621","8.89216225373934"
"9880","34446","34622","8.89216225373934"
"9881","34446","34623","8.89216225373934"
"9882","33832","34624","38.2120274601714"
"9883","33832","34625","38.2120274601714"
"9884","33832","34626","38.2120274601714"
"9885","33832","34627","38.2120274601714"
"9886","33832","34628","38.2120274601714"
"9887","34415","34629","10.6324960570432"
"9888","34382","34630","12.1343777744894"
"9889","34525","34631","5.47247822335726"
"9890","34524","34632","5.54367754665918"
"9891","34524","34633","5.54367754665918"
"9892","33838","34634","38.285266827598"
"9893","33887","34639","37.0979326771264"
"9894","34288","34640","19.7559414446921"
"9895","34288","34641","19.7559414446921"
"9896","34288","34642","19.7559414446921"
"9897","34288","34643","19.7559414446921"
"9898","34288","34644","19.7559414446921"
"9899","33646","34645","46.3464606307175"
"9900","34339","34649","16.0232242553145"
"9901","34339","34650","16.0232242553145"
"9902","34290","34652","20.0582156380135"
"9903","34526","34653","7.05150299092929"
"9904","34347","34657","16.4534827349937"
"9905","34347","34658","16.4534827349937"
"9906","34347","34659","16.4534827349937"
"9907","34347","34660","16.4534827349937"
"9908","34347","34661","16.4534827349937"
"9909","34388","34662","14.0053588905516"
"9910","34104","34664","28.8491863542758"
"9911","34104","34665","28.8491863542758"
"9912","34104","34666","28.8491863542758"
"9913","34365","34670","15.7221351645942"
"9914","34365","34671","15.7221351645942"
"9915","34365","34672","15.7221351645942"
"9916","34365","34673","15.7221351645942"
"9917","34365","34674","15.7221351645942"
"9918","34372","34675","15.5411949077568"
"9919","34372","34676","15.5411949077568"
"9920","34372","34677","15.5411949077568"
"9921","34372","34678","15.5411949077568"
"9922","34272","34680","22.0692051673341"
"9923","34010","34683","33.6868316976122"
"9924","34426","34684","13.6530870512909"
"9925","34426","34685","13.6530870512909"
"9926","34263","34686","22.4841969750814"
"9927","34408","34687","14.557595889745"
"9928","34391","34688","15.4246287748122"
"9929","33905","34691","39.7808495527893"
"9930","34021","34692","33.7271418025671"
"9931","34346","34693","18.2701964935154"
"9932","34346","34694","18.2701964935154"
"9933","34108","34695","30.2800229604725"
"9934","34108","34696","30.2800229604725"
"9935","33843","34698","41.9545912135331"
"9936","33843","34699","41.9545912135331"
"9937","34536","34701","9.01065040733715"
"9938","34536","34702","9.01065040733715"
"9939","34435","34703","14.1311272310388"
"9940","34435","34704","14.1311272310388"
"9941","34435","34705","14.1311272310388"
"9942","33603","34706","51.1705766293269"
"9943","33603","34707","51.1705766293269"
"9944","34414","34716","15.779020676031"
"9945","34414","34717","15.779020676031"
"9946","34442","34718","14.3202950250188"
"9947","34641","34721","3.98528759053261"
"9948","34641","34722","3.98528759053261"
"9949","34657","34723","3.19671733511996"
"9950","34462","34724","13.8070253389003"
"9951","33047","34725","75.9290515040029"
"9952","33047","34726","75.9290515040029"
"9953","33047","34727","75.9290515040029"
"9954","33809","34728","44.6749853215263"
"9955","33809","34729","44.6749853215263"
"9956","33809","34730","44.6749853215263"
"9957","34457","34731","14.3641124434275"
"9958","34402","34732","17.2694684900302"
"9959","34402","34733","17.2694684900302"
"9960","34402","34734","17.2694684900302"
"9961","32393","34735","105.234628659485"
"9962","32393","34736","105.234628659485"
"9963","32393","34737","105.234628659485"
"9964","33798","34738","45.7035812955785"
"9965","33934","34739","39.9696065372677"
"9966","33934","34740","39.9696065372677"
"9967","32031","34743","124.765617431113"
"9968","32031","34744","124.765617431113"
"9969","32031","34745","124.765617431113"
"9970","32031","34746","124.765617431113"
"9971","34617","34747","6.7256651230548"
"9972","34617","34748","6.7256651230548"
"9973","34280","34749","25.7492431142705"
"9974","34280","34750","25.7492431142705"
"9975","33361","34754","64.5108334272543"
"9976","33361","34755","64.5108334272543"
"9977","34645","34756","6.00988353284606"
"9978","33209","34757","70.3628727869884"
"9979","33209","34758","70.3628727869884"
"9980","33209","34759","70.3628727869884"
"9981","33209","34760","70.3628727869884"
"9982","33209","34761","70.3628727869884"
"9983","31447","34762","156.00391983347"
"9984","33667","34767","51.8399778843989"
"9985","33953","34768","40.0341552700706"
"9986","33953","34769","40.0341552700706"
"9987","34549","34775","11.6947434357846"
"9988","33857","34776","45.2965835608647"
"9989","34100","34777","34.2999019437189"
"9990","34622","34780","7.86698953768973"
"9991","34360","34781","21.3091935080479"
"9992","34360","34782","21.3091935080479"
"9993","34376","34784","20.7859574699269"
"9994","34376","34785","20.7859574699269"
"9995","34376","34786","20.7859574699269"
"9996","34210","34788","30.3771369228928"
"9997","34210","34789","30.3771369228928"
"9998","34210","34790","30.3771369228928"
"9999","34333","34791","23.2417051091436"
"10000","34482","34792","15.997863453817"
"10001","34128","34793","34.0611063916872"
"10002","34128","34794","34.0611063916872"
"10003","34326","34796","24.6269690132674"
"10004","34326","34797","24.6269690132674"
"10005","34326","34798","24.6269690132674"
"10006","33639","34799","54.3321618910572"
"10007","33639","34800","54.3321618910572"
"10008","33639","34801","54.3321618910572"
"10009","34631","34802","8.73064902231522"
"10010","34631","34803","8.73064902231522"
"10011","32898","34805","86.3999897515396"
"10012","32898","34806","86.3999897515396"
"10013","32898","34807","86.3999897515396"
"10014","33585","34808","56.0810796508979"
"10015","33585","34809","56.0810796508979"
"10016","34511","34810","15.6026720515063"
"10017","32837","34811","88.0690191954029"
"10018","32837","34812","88.0690191954029"
"10019","33885","34817","45.6457517347912"
"10020","34580","34821","11.4145484283113"
"10021","34401","34822","21.2838991783997"
"10022","34401","34823","21.2838991783997"
"10023","34401","34824","21.2838991783997"
"10024","34401","34825","21.2838991783997"
"10025","34401","34826","21.2838991783997"
"10026","34503","34838","16.7634391529305"
"10027","34503","34839","16.7634391529305"
"10028","34423","34840","20.3812090675565"
"10029","34423","34841","20.3812090675565"
"10030","34423","34842","20.3812090675565"
"10031","34423","34843","20.3812090675565"
"10032","34737","34849","4.28130782050243"
"10033","33677","34850","54.2778153735969"
"10034","34153","34851","35.2399756332979"
"10035","34718","34852","5.40252442215342"
"10036","34718","34853","5.40252442215342"
"10037","34110","34854","36.8597169712889"
"10038","34110","34855","36.8597169712889"
"10039","34404","34856","22.1726814465367"
"10040","34404","34857","22.1726814465367"
"10041","34404","34858","22.1726814465367"
"10042","34609","34859","11.2248185937588"
"10043","33674","34861","55.0228204652678"
"10044","33674","34862","55.0228204652678"
"10045","33674","34863","55.0228204652678"
"10046","34521","34864","16.4778366011953"
"10047","34344","34865","25.4587329874516"
"10048","34467","34866","19.1362663052043"
"10049","33869","34867","48.4071383403782"
"10050","33869","34868","48.4071383403782"
"10051","33869","34869","48.4071383403782"
"10052","34520","34870","16.8676753620921"
"10053","34675","34872","8.65287356124986"
"10054","34675","34873","8.65287356124986"
"10055","34675","34874","8.65287356124986"
"10056","34686","34875","8.10269909522526"
"10057","34686","34876","8.10269909522526"
"10058","33933","34877","45.3014015733784"
"10059","33933","34878","45.3014015733784"
"10060","33933","34879","45.3014015733784"
"10061","33830","34880","49.8741857547791"
"10062","34736","34887","5.72740106282686"
"10063","34736","34888","5.72740106282686"
"10064","34733","34889","6.03773924788675"
"10065","34733","34890","6.03773924788675"
"10066","33981","34891","43.3845546038099"
"10067","33482","34892","63.4992486220151"
"10068","34136","34893","37.306640448418"
"10069","34136","34894","37.306640448418"
"10070","34136","34895","37.306640448418"
"10071","34136","34896","37.306640448418"
"10072","34136","34897","37.306640448418"
"10073","34136","34898","37.306640448418"
"10074","34625","34899","12.3940871759646"
"10075","34625","34900","12.3940871759646"
"10076","34625","34901","12.3940871759646"
"10077","34518","34902","17.9145085458938"
"10078","34518","34903","17.9145085458938"
"10079","34705","34904","7.96102947609643"
"10080","32570","34906","102.679791776415"
"10081","34465","34907","20.7705851237456"
"10082","34696","34908","8.75690877846273"
"10083","34695","34909","8.83975792225442"
"10084","34695","34910","8.83975792225442"
"10085","34747","34911","6.30806355943514"
"10086","34747","34912","6.30806355943514"
"10087","34489","34913","20.4055569648935"
"10088","34018","34915","43.0038283329573"
"10089","34018","34916","43.0038283329573"
"10090","34870","34918","1.86061496375305"
"10091","34504","34919","20.0941174964109"
"10092","34504","34920","20.0941174964109"
"10093","34487","34923","20.857096922708"
"10094","33365","34933","70.9347602810881"
"10095","33365","34934","70.9347602810881"
"10096","33365","34935","70.9347602810881"
"10097","34319","34938","30.3506313427481"
"10098","34319","34939","30.3506313427481"
"10099","34310","34943","31.1062191467186"
"10100","34548","34944","18.7279665998926"
"10101","34548","34945","18.7279665998926"
"10102","34548","34946","18.7279665998926"
"10103","34548","34947","18.7279665998926"
"10104","34343","34948","28.9841712970633"
"10105","34343","34949","28.9841712970633"
"10106","34330","34959","30.4731791945887"
"10107","34330","34960","30.4731791945887"
"10108","34330","34961","30.4731791945887"
"10109","34330","34962","30.4731791945887"
"10110","34767","34964","7.13198898178644"
"10111","34723","34965","9.42280701892719"
"10112","34723","34966","9.42280701892719"
"10113","34723","34967","9.42280701892719"
"10114","34443","34968","23.8481763294049"
"10115","34484","34969","22.2086744068233"
"10116","34784","34970","6.70401488082848"
"10117","34784","34971","6.70401488082848"
"10118","34071","34972","42.8219556929901"
"10119","34599","34977","15.7268169475881"
"10120","34620","34978","15.1334985175779"
"10121","34620","34979","15.1334985175779"
"10122","34478","34980","22.8070291630204"
"10123","34722","34981","9.92776455006492"
"10124","34444","34982","24.2757001556749"
"10125","34444","34983","24.2757001556749"
"10126","34444","34984","24.2757001556749"
"10127","34444","34985","24.2757001556749"
"10128","34444","34986","24.2757001556749"
"10129","34754","34987","8.14453361143296"
"10130","34754","34988","8.14453361143296"
"10131","34754","34989","8.14453361143296"
"10132","34758","34990","8.17598308264064"
"10133","34513","34991","21.8793365338176"
"10134","34801","34993","6.86179891424968"
"10135","34780","34994","7.8430319248082"
"10136","34534","34995","20.8733164585358"
"10137","34534","34996","20.8733164585358"
"10138","34534","34997","20.8733164585358"
"10139","34725","34998","10.4736703321116"
"10140","34634","34999","15.9473946887954"
"10141","34634","35000","15.9473946887954"
"10142","34225","35001","37.5609248828482"
"10143","34225","35002","37.5609248828482"
"10144","34225","35003","37.5609248828482"
"10145","34416","35004","27.0671188003125"
"10146","34416","35005","27.0671188003125"
"10147","34316","35006","33.0941008754282"
"10148","34316","35007","33.0941008754282"
"10149","33980","35010","48.1056589051311"
"10150","34699","35011","12.8409524739639"
"10151","33937","35014","50.4038239152082"
"10152","34529","35015","22.3939182151009"
"10153","34934","35016","3.44513472959375"
"10154","34934","35017","3.44513472959375"
"10155","34499","35018","24.164565114542"
"10156","34575","35020","19.4574960755904"
"10157","34797","35024","8.81482493979888"
"10158","34797","35025","8.81482493979888"
"10159","34797","35026","8.81482493979888"
"10160","34797","35027","8.81482493979888"
"10161","34691","35028","13.7173226699092"
"10162","34873","35029","6.07014935151005"
"10163","34873","35030","6.07014935151005"
"10164","33291","35031","76.6733107028906"
"10165","33291","35032","76.6733107028906"
"10166","33291","35033","76.6733107028906"
"10167","33291","35034","76.6733107028906"
"10168","33291","35035","76.6733107028906"
"10169","34403","35036","29.0564153785558"
"10170","34403","35037","29.0564153785558"
"10171","34403","35038","29.0564153785558"
"10172","34427","35040","28.0032838410784"
"10173","34427","35041","28.0032838410784"
"10174","34003","35044","48.4351909981931"
"10175","34935","35048","4.15269897140024"
"10176","34935","35049","4.15269897140024"
"10177","34935","35050","4.15269897140024"
"10178","34577","35051","19.8108262552448"
"10179","34919","35053","4.61003599284163"
"10180","34735","35054","11.9199835424654"
"10181","34610","35057","18.5670252794405"
"10182","34610","35058","18.5670252794405"
"10183","34496","35059","25.4537201465832"
"10184","34547","35065","22.7988618474781"
"10185","32305","35066","122.526356932121"
"10186","34910","35067","5.85117567356338"
"10187","34910","35068","5.85117567356338"
"10188","34798","35069","10.1701897554565"
"10189","34888","35070","7.06775048180634"
"10190","34888","35071","7.06775048180634"
"10191","34888","35072","7.06775048180634"
"10192","34246","35074","39.0385104455363"
"10193","34843","35077","9.1812032364287"
"10194","34843","35078","9.1812032364287"
"10195","34843","35079","9.1812032364287"
"10196","34843","35080","9.1812032364287"
"10197","34843","35081","9.1812032364287"
"10198","34843","35082","9.1812032364287"
"10199","34843","35083","9.1812032364287"
"10200","34843","35084","9.1812032364287"
"10201","34843","35085","9.1812032364287"
"10202","34843","35086","9.1812032364287"
"10203","33894","35087","55.3999773766159"
"10204","34854","35088","8.80441586023517"
"10205","34854","35089","8.80441586023517"
"10206","34796","35090","10.904876272253"
"10207","34796","35091","10.904876272253"
"10208","34796","35092","10.904876272253"
"10209","34716","35093","14.4596671552576"
"10210","34776","35097","12.064313213778"
"10211","35025","35098","2.39891764982326"
"10212","35025","35099","2.39891764982326"
"10213","35025","35100","2.39891764982326"
"10214","35025","35101","2.39891764982326"
"10215","35025","35102","2.39891764982326"
"10216","34704","35103","15.3496221972646"
"10217","33893","35104","56.0155043820114"
"10218","34789","35109","11.8188346337558"
"10219","34757","35114","12.8309377844771"
"10220","34757","35115","12.8309377844771"
"10221","34757","35116","12.8309377844771"
"10222","34367","35117","33.2306505840088"
"10223","34746","35123","13.8135688009306"
"10224","34746","35124","13.8135688009306"
"10225","34571","35129","23.3642205311414"
"10226","34571","35130","23.3642205311414"
"10227","34571","35131","23.3642205311414"
"10228","34571","35132","23.3642205311414"
"10229","34571","35133","23.3642205311414"
"10230","34571","35134","23.3642205311414"
"10231","34571","35135","23.3642205311414"
"10232","34979","35136","5.6374827684308"
"10233","34252","35138","40.6445497838997"
"10234","33234","35139","82.0139659814258"
"10235","33234","35140","82.0139659814258"
"10236","34822","35144","11.3322000249218"
"10237","34909","35145","8.45987714917874"
"10238","34678","35146","18.5227452036399"
"10239","34906","35147","8.85458890979226"
"10240","34906","35148","8.85458890979226"
"10241","34445","35149","30.5528189836934"
"10242","34561","35150","25.2834786359506"
"10243","34561","35151","25.2834786359506"
"10244","34994","35152","6.14446222822994"
"10245","34994","35153","6.14446222822994"
"10246","34698","35156","18.0102052292063"
"10247","34923","35160","8.62069985824564"
"10248","34980","35161","7.08479150471885"
"10249","33566","35162","70.4295022523665"
"10250","35006","35163","5.81020409174562"
"10251","35006","35164","5.81020409174562"
"10252","35006","35165","5.81020409174562"
"10253","34977","35166","7.47653104262918"
"10254","35027","35167","5.04371500355546"
"10255","35027","35168","5.04371500355546"
"10256","35027","35169","5.04371500355546"
"10257","35027","35170","5.04371500355546"
"10258","34728","35171","16.8004951110336"
"10259","34728","35172","16.8004951110336"
"10260","34728","35173","16.8004951110336"
"10261","34728","35174","16.8004951110336"
"10262","34621","35175","22.595043475686"
"10263","34912","35178","9.74641332642454"
"10264","34587","35180","24.3766422478066"
"10265","34587","35181","24.3766422478066"
"10266","34587","35182","24.3766422478066"
"10267","34587","35183","24.3766422478066"
"10268","35081","35187","4.04846374615431"
"10269","35081","35188","4.04846374615431"
"10270","34970","35189","8.61505300952672"
"10271","34970","35190","8.61505300952672"
"10272","34970","35191","8.61505300952672"
"10273","34911","35192","10.577294357161"
"10274","34911","35193","10.577294357161"
"10275","34911","35194","10.577294357161"
"10276","35132","35195","2.91203487925873"
"10277","34824","35197","14.1050069755368"
"10278","34824","35198","14.1050069755368"
"10279","34824","35199","14.1050069755368"
"10280","34824","35200","14.1050069755368"
"10281","34824","35201","14.1050069755368"
"10282","34824","35202","14.1050069755368"
"10283","34809","35203","14.64215925281"
"10284","34809","35204","14.64215925281"
"10285","34644","35205","22.6676827316187"
"10286","34644","35206","22.6676827316187"
"10287","33576","35207","71.3949654114281"
"10288","34421","35208","34.443124173828"
"10289","34421","35209","34.443124173828"
"10290","34421","35210","34.443124173828"
"10291","34421","35211","34.443124173828"
"10292","34990","35212","8.76738199519446"
"10293","34990","35213","8.76738199519446"
"10294","34990","35214","8.76738199519446"
"10295","34731","35215","18.5965170274997"
"10296","34731","35216","18.5965170274997"
"10297","34731","35217","18.5965170274997"
"10298","34731","35218","18.5965170274997"
"10299","34731","35219","18.5965170274997"
"10300","34106","35220","50.6646445056833"
"10301","34762","35221","17.2628071012241"
"10302","31713","35222","158.437000153358"
"10303","34791","35223","16.4109887125196"
"10304","34791","35224","16.4109887125196"
"10305","35149","35225","3.1885993481103"
"10306","34904","35227","12.4665997714924"
"10307","34904","35228","12.4665997714924"
"10308","34904","35229","12.4665997714924"
"10309","34234","35230","46.1334939270655"
"10310","34417","35231","35.5923754675193"
"10311","34417","35232","35.5923754675193"
"10312","34417","35233","35.5923754675193"
"10313","34602","35241","26.3870421470765"
"10314","34602","35242","26.3870421470765"
"10315","35088","35243","6.2658475389585"
"10316","35088","35244","6.2658475389585"
"10317","34028","35245","55.2502283583972"
"10318","34028","35246","55.2502283583972"
"10319","34028","35247","55.2502283583972"
"10320","34439","35248","35.2173104679819"
"10321","34916","35249","12.7779112157918"
"10322","34916","35250","12.7779112157918"
"10323","34916","35251","12.7779112157918"
"10324","34916","35252","12.7779112157918"
"10325","34856","35253","15.0789404826751"
"10326","34856","35254","15.0789404826751"
"10327","34825","35255","16.1583713183047"
"10328","34823","35256","16.1662897977792"
"10329","34823","35257","16.1662897977792"
"10330","34900","35258","13.7167204116836"
"10331","34392","35262","38.1516024423604"
"10332","34392","35263","38.1516024423604"
"10333","34392","35264","38.1516024423604"
"10334","34392","35265","38.1516024423604"
"10335","34392","35266","38.1516024423604"
"10336","34392","35267","38.1516024423604"
"10337","35097","35270","6.6017751499503"
"10338","33407","35274","82.3903298913895"
"10339","33407","35275","82.3903298913895"
"10340","34578","35276","28.8338413469216"
"10341","35102","35277","7.05861675724736"
"10342","34872","35278","15.4414987963517"
"10343","35015","35279","9.79390366831353"
"10344","35211","35284","2.88554157919111"
"10345","35211","35285","2.88554157919111"
"10346","34887","35289","15.4107694296206"
"10347","35014","35291","10.3561369937372"
"10348","34987","35292","12.1141316786552"
"10349","34946","35293","13.0000407717321"
"10350","34946","35294","13.0000407717321"
"10351","34593","35295","29.0274266492636"
"10352","34838","35302","18.1901184816136"
"10353","34838","35303","18.1901184816136"
"10354","34838","35304","18.1901184816136"
"10355","34175","35305","52.3674965568769"
"10356","35164","35306","6.03017150143228"
"10357","35164","35307","6.03017150143228"
"10358","35164","35308","6.03017150143228"
"10359","34750","35319","21.7603582238032"
"10360","34800","35320","19.8663943450495"
"10361","35017","35324","11.5506625747175"
"10362","34530","35325","33.973966676899"
"10363","35082","35327","9.79558107544585"
"10364","35248","35328","3.3368775191243"
"10365","34232","35331","50.2460001312204"
"10366","34232","35332","50.2460001312204"
"10367","34232","35333","50.2460001312204"
"10368","34232","35334","50.2460001312204"
"10369","34986","35335","13.9376196501726"
"10370","35020","35336","12.1129679842413"
"10371","35020","35337","12.1129679842413"
"10372","35020","35338","12.1129679842413"
"10373","35020","35339","12.1129679842413"
"10374","34756","35341","22.1734146526651"
"10375","34756","35342","22.1734146526651"
"10376","34899","35343","17.1951582177051"
"10377","34897","35345","17.7381460507358"
"10378","34350","35346","43.8608656808617"
"10379","34982","35350","14.8503245666575"
"10380","34982","35351","14.8503245666575"
"10381","34982","35352","14.8503245666575"
"10382","34889","35353","18.3672631925124"
"10383","34165","35355","54.673952031842"
"10384","34165","35356","54.673952031842"
"10385","34165","35357","54.673952031842"
"10386","34880","35358","18.6686560611945"
"10387","34896","35359","18.3629758652928"
"10388","34581","35362","32.4058592661452"
"10389","34581","35363","32.4058592661452"
"10390","34581","35364","32.4058592661452"
"10391","34879","35371","19.5719403301598"
"10392","34879","35372","19.5719403301598"
"10393","34677","35373","28.3129127723357"
"10394","35070","35374","12.4198071683979"
"10395","35070","35375","12.4198071683979"
"10396","34874","35376","19.8555163258989"
"10397","34874","35377","19.8555163258989"
"10398","34874","35378","19.8555163258989"
"10399","34874","35379","19.8555163258989"
"10400","34874","35380","19.8555163258989"
"10401","34874","35381","19.8555163258989"
"10402","34864","35385","20.4277452844804"
"10403","34864","35386","20.4277452844804"
"10404","35220","35387","7.22574900996165"
"10405","35220","35388","7.22574900996165"
"10406","34918","35389","18.4415602363883"
"10407","34949","35390","17.2269835903701"
"10408","34949","35391","17.2269835903701"
"10409","34619","35392","31.8049930484542"
"10410","34619","35393","31.8049930484542"
"10411","34894","35394","19.7093980031163"
"10412","34894","35395","19.7093980031163"
"10413","33567","35396","79.7856631640987"
"10414","35049","35397","14.1047272420503"
"10415","35093","35399","12.3924293836424"
"10416","35208","35400","7.93085658898849"
"10417","34557","35401","35.6553335938352"
"10418","35138","35402","11.3218898925272"
"10419","34660","35411","30.7180173511358"
"10420","34660","35412","30.7180173511358"
"10421","34660","35413","30.7180173511358"
"10422","34660","35414","30.7180173511358"
"10423","34964","35415","18.3927382355673"
"10424","35083","35418","13.9039842189115"
"10425","34777","35419","25.3363108602882"
"10426","34527","35420","38.4829188244844"
"10427","34729","35421","27.7019651728735"
"10428","35152","35422","11.66689951428"
"10429","35152","35423","11.66689951428"
"10430","35041","35426","16.1556875920976"
"10431","35041","35427","16.1556875920976"
"10432","35246","35428","8.29720832614112"
"10433","35216","35429","9.75118264788284"
"10434","34624","35431","34.1129720667877"
"10435","34624","35432","34.1129720667877"
"10436","34559","35433","37.7422532412038"
"10437","35292","35434","6.73328069301056"
"10438","35074","35435","15.2651388115114"
"10439","34859","35436","23.4613239096273"
"10440","35258","35440","8.63290582851187"
"10441","35258","35441","8.63290582851187"
"10442","35258","35442","8.63290582851187"
"10443","35167","35444","12.4780019042498"
"10444","35167","35445","12.4780019042498"
"10445","35167","35446","12.4780019042498"
"10446","35213","35449","10.7583328543501"
"10447","35213","35450","10.7583328543501"
"10448","34760","35453","27.9527943814219"
"10449","34396","35455","47.0486559559533"
"10450","35201","35456","11.6652624146043"
"10451","35201","35457","11.6652624146043"
"10452","35201","35458","11.6652624146043"
"10453","35201","35459","11.6652624146043"
"10454","34371","35466","48.4666991522276"
"10455","34371","35467","48.4666991522276"
"10456","34945","35470","21.3029525328609"
"10457","34945","35471","21.3029525328609"
"10458","34945","35472","21.3029525328609"
"10459","34945","35473","21.3029525328609"
"10460","34278","35474","54.9373710602381"
"10461","35087","35475","16.7148182387091"
"10462","35264","35476","9.85040538785188"
"10463","35264","35477","9.85040538785188"
"10464","34658","35478","34.074628381062"
"10465","35217","35480","11.908554865641"
"10466","35217","35481","11.908554865641"
"10467","33812","35482","75.1654671311749"
"10468","33812","35483","75.1654671311749"
"10469","33812","35484","75.1654671311749"
"10470","33812","35485","75.1654671311749"
"10471","33812","35486","75.1654671311749"
"10472","35328","35487","7.24082397898496"
"10473","35229","35488","11.389474774274"
"10474","35229","35489","11.389474774274"
"10475","35029","35490","18.7835761676472"
"10476","34628","35492","36.5185356390102"
"10477","33991","35493","68.0166839463607"
"10478","34788","35494","28.5975816686255"
"10479","34788","35495","28.5975816686255"
"10480","34573","35496","39.4803627946242"
"10481","34573","35497","39.4803627946242"
"10482","34989","35500","21.5358762467715"
"10483","35379","35501","5.69000476308838"
"10484","35000","35507","21.5990213083276"
"10485","35000","35508","21.5990213083276"
"10486","35000","35509","21.5990213083276"
"10487","35431","35510","3.83779531126629"
"10488","35431","35511","3.83779531126629"
"10489","35245","35514","12.4467510320533"
"10490","35129","35515","17.4916142275408"
"10491","35129","35516","17.4916142275408"
"10492","34867","35517","26.9704369187616"
"10493","34867","35518","26.9704369187616"
"10494","34867","35519","26.9704369187616"
"10495","34867","35520","26.9704369187616"
"10496","34867","35521","26.9704369187616"
"10497","34867","35522","26.9704369187616"
"10498","34109","35523","64.7006582224212"
"10499","35400","35524","6.4677690447138"
"10500","35459","35525","3.03666328055215"
"10501","35459","35526","3.03666328055215"
"10502","35459","35527","3.03666328055215"
"10503","35053","35528","20.6427715144293"
"10504","34869","35532","27.3791900768624"
"10505","34869","35533","27.3791900768624"
"10506","34781","35534","30.7666167803336"
"10507","34781","35535","30.7666167803336"
"10508","35263","35536","12.4844623067047"
"10509","35263","35537","12.4844623067047"
"10510","35338","35538","9.38662382694451"
"10511","35338","35539","9.38662382694451"
"10512","35338","35540","9.38662382694451"
"10513","34855","35541","28.2239292708798"
"10514","35279","35559","12.2518155278613"
"10515","35352","35560","9.28719966941981"
"10516","35352","35561","9.28719966941981"
"10517","35333","35562","10.3616606593778"
"10518","35333","35563","10.3616606593778"
"10519","35289","35564","12.4082075574393"
"10520","35289","35565","12.4082075574393"
"10521","35434","35566","5.64871834886071"
"10522","35434","35567","5.64871834886071"
"10523","35434","35568","5.64871834886071"
"10524","35162","35569","17.7807167684482"
"10525","35086","35573","20.9724925436342"
"10526","35086","35574","20.9724925436342"
"10527","35086","35575","20.9724925436342"
"10528","34744","35576","33.6519848784499"
"10529","34744","35577","33.6519848784499"
"10530","34744","35578","33.6519848784499"
"10531","35331","35579","11.2590948323627"
"10532","35331","35580","11.2590948323627"
"10533","35331","35581","11.2590948323627"
"10534","34998","35582","24.4958993012697"
"10535","34998","35583","24.4958993012697"
"10536","34998","35584","24.4958993012697"
"10537","34998","35585","24.4958993012697"
"10538","35350","35587","10.6506848816912"
"10539","35350","35588","10.6506848816912"
"10540","35350","35589","10.6506848816912"
"10541","34432","35596","50.7202252549068"
"10542","34984","35597","25.8472391571104"
"10543","34984","35598","25.8472391571104"
"10544","34984","35599","25.8472391571104"
"10545","35044","35600","23.335856929396"
"10546","34618","35601","41.3082289032238"
"10547","34618","35602","41.3082289032238"
"10548","34618","35603","41.3082289032238"
"10549","34618","35604","41.3082289032238"
"10550","34618","35605","41.3082289032238"
"10551","35422","35606","7.80903684451005"
"10552","35422","35607","7.80903684451005"
"10553","34552","35608","45.3423474747474"
"10554","34552","35609","45.3423474747474"
"10555","35241","35610","15.8669668550365"
"10556","35010","35612","25.0599336083903"
"10557","35010","35613","25.0599336083903"
"10558","35441","35614","7.09487768479721"
"10559","35497","35615","5.2285953503274"
"10560","35497","35616","5.2285953503274"
"10561","35497","35617","5.2285953503274"
"10562","35497","35618","5.2285953503274"
"10563","34866","35619","31.009761026045"
"10564","35433","35620","8.06200168515397"
"10565","35433","35621","8.06200168515397"
"10566","35433","35622","8.06200168515397"
"10567","35433","35623","8.06200168515397"
"10568","35433","35624","8.06200168515397"
"10569","35433","35625","8.06200168515397"
"10570","34379","35626","54.4980420347711"
"10571","34379","35627","54.4980420347711"
"10572","35024","35629","25.1696556209156"
"10573","35024","35630","25.1696556209156"
"10574","35024","35631","25.1696556209156"
"10575","35069","35632","23.9245452902949"
"10576","35069","35633","23.9245452902949"
"10577","35320","35634","14.2414368122461"
"10578","35320","35635","14.2414368122461"
"10579","35320","35636","14.2414368122461"
"10580","35320","35637","14.2414368122461"
"10581","35320","35638","14.2414368122461"
"10582","34653","35639","41.2452555995178"
"10583","35375","35641","11.7980486327388"
"10584","33244","35642","103.814138101129"
"10585","34269","35643","62.1542275182319"
"10586","34269","35644","62.1542275182319"
"10587","34269","35645","62.1542275182319"
"10588","35373","35646","12.0251660529511"
"10589","35429","35647","9.20142547379919"
"10590","35429","35648","9.20142547379919"
"10591","34967","35649","28.5522024029756"
"10592","34967","35650","28.5522024029756"
"10593","35210","35651","19.16213676846"
"10594","35210","35652","19.16213676846"
"10595","34607","35653","43.7182345034832"
"10596","34607","35654","43.7182345034832"
"10597","34639","35655","42.4886972698757"
"10598","34639","35656","42.4886972698757"
"10599","34570","35657","46.09088796592"
"10600","34570","35658","46.09088796592"
"10601","34570","35659","46.09088796592"
"10602","35339","35660","13.990882606334"
"10603","35339","35661","13.990882606334"
"10604","35339","35662","13.990882606334"
"10605","35477","35663","7.28727857785907"
"10606","35477","35664","7.28727857785907"
"10607","35117","35665","23.1396147768908"
"10608","34807","35666","34.3253151500555"
"10609","35336","35667","14.3063939828087"
"10610","35336","35668","14.3063939828087"
"10611","35336","35669","14.3063939828087"
"10612","35222","35671","19.0027396600985"
"10613","35222","35672","19.0027396600985"
"10614","35222","35673","19.0027396600985"
"10615","32388","35676","144.380263109283"
"10616","35203","35678","20.2324626929867"
"10617","35203","35679","20.2324626929867"
"10618","34680","35680","41.0891597036655"
"10619","34680","35681","41.0891597036655"
"10620","35078","35682","25.0213396147817"
"10621","35078","35683","25.0213396147817"
"10622","35078","35684","25.0213396147817"
"10623","35285","35685","17.4105116599599"
"10624","35285","35686","17.4105116599599"
"10625","35285","35687","17.4105116599599"
"10626","35583","35688","3.84782118829753"
"10627","35391","35689","12.7489909662895"
"10628","35391","35690","12.7489909662895"
"10629","35391","35691","12.7489909662895"
"10630","35391","35692","12.7489909662895"
"10631","35391","35693","12.7489909662895"
"10632","33968","35694","76.4643684872408"
"10633","35607","35697","3.28826850570613"
"10634","35160","35699","22.5264763615949"
"10635","35160","35700","22.5264763615949"
"10636","35160","35701","22.5264763615949"
"10637","35160","35702","22.5264763615949"
"10638","35202","35703","20.8789802408739"
"10639","35183","35704","21.9150779345553"
"10640","34877","35705","33.4365903083537"
"10641","34877","35706","33.4365903083537"
"10642","34877","35707","33.4365903083537"
"10643","34285","35708","63.826966884398"
"10644","34285","35709","63.826966884398"
"10645","34285","35710","63.826966884398"
"10646","33227","35712","107.111903027463"
"10647","35490","35716","9.37010012889505"
"10648","35541","35717","6.90308750548593"
"10649","35058","35721","27.5847047445147"
"10650","35566","35722","6.06425176646871"
"10651","35566","35723","6.06425176646871"
"10652","35566","35724","6.06425176646871"
"10653","35566","35725","6.06425176646871"
"10654","34702","35732","41.7985879129528"
"10655","34702","35733","41.7985879129528"
"10656","34702","35734","41.7985879129528"
"10657","34702","35735","41.7985879129528"
"10658","35427","35736","12.2172486140571"
"10659","35427","35737","12.2172486140571"
"10660","35427","35738","12.2172486140571"
"10661","35212","35739","21.7491363850113"
"10662","35212","35740","21.7491363850113"
"10663","35212","35741","21.7491363850113"
"10664","35212","35742","21.7491363850113"
"10665","35212","35743","21.7491363850113"
"10666","35276","35747","19.2870193694082"
"10667","35188","35748","22.936923523534"
"10668","35188","35749","22.936923523534"
"10669","33111","35751","114.209309310411"
"10670","33201","35752","110.074437595464"
"10671","35616","35755","4.75549654528822"
"10672","35616","35756","4.75549654528822"
"10673","35215","35762","22.5973329375327"
"10674","35215","35763","22.5973329375327"
"10675","35215","35764","22.5973329375327"
"10676","35178","35765","24.1964344588844"
"10677","35178","35766","24.1964344588844"
"10678","35527","35767","8.47813512546281"
"10679","35527","35768","8.47813512546281"
"10680","35527","35769","8.47813512546281"
"10681","35527","35770","8.47813512546281"
"10682","35048","35771","29.2871554708297"
"10683","35171","35772","24.6727242280863"
"10684","35171","35773","24.6727242280863"
"10685","35472","35774","11.3853468918514"
"10686","35472","35775","11.3853468918514"
"10687","35525","35776","8.68853605429695"
"10688","35645","35777","4.22686158666602"
"10689","35645","35778","4.22686158666602"
"10690","35085","35779","28.3754769204013"
"10691","35085","35780","28.3754769204013"
"10692","35085","35781","28.3754769204013"
"10693","35691","35792","3.28411089644442"
"10694","35691","35793","3.28411089644442"
"10695","35691","35794","3.28411089644442"
"10696","35691","35795","3.28411089644442"
"10697","35436","35797","13.8726104332991"
"10698","34891","35803","36.3836626154991"
"10699","35688","35805","4.32092066225459"
"10700","35388","35806","17.125227847142"
"10701","35206","35807","24.8302583795246"
"10702","35151","35816","27.1827241841158"
"10703","35151","35817","27.1827241841158"
"10704","35740","35818","2.92885721693438"
"10705","35221","35819","24.4326371882189"
"10706","35524","35820","10.6129845906385"
"10707","35524","35821","10.6129845906385"
"10708","34275","35822","68.1585255568759"
"10709","34275","35823","68.1585255568759"
"10710","34275","35824","68.1585255568759"
"10711","34275","35825","68.1585255568759"
"10712","35532","35839","11.0486047989189"
"10713","35414","35840","16.9435004900611"
"10714","35414","35841","16.9435004900611"
"10715","35560","35842","10.4939328939031"
"10716","35560","35843","10.4939328939031"
"10717","35560","35844","10.4939328939031"
"10718","35560","35845","10.4939328939031"
"10719","34162","35846","74.4837690966933"
"10720","34468","35848","57.9833250769996"
"10721","32889","35849","127.276789531812"
"10722","35598","35850","8.98922832583457"
"10723","35378","35851","18.913128554761"
"10724","35378","35852","18.913128554761"
"10725","35275","35853","23.5053932888659"
"10726","35275","35854","23.5053932888659"
"10727","35679","35855","6.20667381176463"
"10728","35679","35856","6.20667381176463"
"10729","35589","35857","9.62887197995906"
"10730","34066","35858","78.3330302405291"
"10731","34032","35859","79.7418876357622"
"10732","34032","35860","79.7418876357622"
"10733","34032","35861","79.7418876357622"
"10734","34032","35862","79.7418876357622"
"10735","35068","35868","31.8889303203032"
"10736","35709","35869","5.63009998877305"
"10737","35522","35872","12.4784277881718"
"10738","35522","35873","12.4784277881718"
"10739","35657","35875","7.63465912906668"
"10740","35476","35881","14.9716103542196"
"10741","35476","35882","14.9716103542196"
"10742","35710","35885","6.10717017383195"
"10743","35596","35887","10.3666394281818"
"10744","35034","35895","34.0069084081547"
"10745","35252","35896","25.7698572211316"
"10746","35050","35897","33.8481959540516"
"10747","35302","35902","23.5644503000356"
"10748","35302","35903","23.5644503000356"
"10749","34981","35904","36.7298986651376"
"10750","34981","35905","36.7298986651376"
"10751","35473","35908","16.3332316686924"
"10752","35473","35909","16.3332316686924"
"10753","35255","35910","26.2739795192063"
"10754","35182","35913","29.5742626056856"
"10755","35182","35914","29.5742626056856"
"10756","35182","35915","29.5742626056856"
"10757","35182","35916","29.5742626056856"
"10758","35182","35917","29.5742626056856"
"10759","35182","35918","29.5742626056856"
"10760","35608","35919","11.091511731614"
"10761","35608","35920","11.091511731614"
"10762","35610","35921","11.0327564500667"
"10763","35610","35922","11.0327564500667"
"10764","35610","35923","11.0327564500667"
"10765","35686","35924","8.14145231404564"
"10766","35844","35929","3.28651430677701"
"10767","34732","35931","47.4690237969007"
"10768","35579","35932","13.0004116339892"
"10769","35779","35935","6.1750783966063"
"10770","35667","35936","10.1527299899262"
"10771","35380","35939","22.6295808419077"
"10772","35585","35940","13.416737883173"
"10773","35528","35945","15.6480384110118"
"10774","35528","35946","15.6480384110118"
"10775","32055","35950","170.815119344822"
"10776","35098","35953","34.770273227703"
"10777","35131","35954","33.9871921010974"
"10778","35724","35955","8.75025174555276"
"10779","35687","35956","10.3833613901793"
"10780","35687","35957","10.3833613901793"
"10781","35687","35958","10.3833613901793"
"10782","35687","35959","10.3833613901793"
"10783","35687","35960","10.3833613901793"
"10784","35470","35966","19.1535752403797"
"10785","35332","35967","25.9291443784659"
"10786","35332","35968","25.9291443784659"
"10787","35684","35969","10.8212610521873"
"10788","35561","35970","15.716434004888"
"10789","35780","35971","7.49073199520672"
"10790","35756","35972","8.48544420364306"
"10791","35756","35973","8.48544420364306"
"10792","35681","35974","11.206929430497"
"10793","35702","35976","10.7509238602479"
"10794","35638","35978","12.7029335974298"
"10795","33337","35979","113.501528405938"
"10796","33337","35980","113.501528405938"
"10797","35492","35983","19.5249540855471"
"10798","35474","35984","20.1256658247512"
"10799","35103","35985","36.406974527112"
"10800","35103","35986","36.406974527112"
"10801","35103","35987","36.406974527112"
"10802","35103","35988","36.406974527112"
"10803","35103","35989","36.406974527112"
"10804","35478","35991","20.3857799927214"
"10805","34627","35992","56.5814139962627"
"10806","34627","35993","56.5814139962627"
"10807","35539","35994","17.773144806451"
"10808","35539","35995","17.773144806451"
"10809","35413","35996","23.8037749724663"
"10810","35413","35997","23.8037749724663"
"10811","35172","36001","34.5694089829672"
"10812","34790","36002","48.8471499047209"
"10813","34790","36003","48.8471499047209"
"10814","34790","36004","48.8471499047209"
"10815","34790","36005","48.8471499047209"
"10816","35565","36006","17.5177545713836"
"10817","35565","36007","17.5177545713836"
"10818","35794","36008","9.31876414432463"
"10819","34902","36009","44.8537796893527"
"10820","35913","36010","4.82578154326529"
"10821","34370","36011","70.1082660733227"
"10822","34370","36012","70.1082660733227"
"10823","35420","36013","24.1797866889169"
"10824","35016","36014","40.2876542637819"
"10825","35016","36015","40.2876542637819"
"10826","35471","36016","21.5987840367761"
"10827","35471","36017","21.5987840367761"
"10828","35839","36018","7.80213758177115"
"10829","35839","36019","7.80213758177115"
"10830","35580","36020","17.2517442642311"
"10831","35580","36021","17.2517442642311"
"10832","35580","36022","17.2517442642311"
"10833","35580","36023","17.2517442642311"
"10834","35747","36024","11.5926479706177"
"10835","35224","36029","33.3428083458402"
"10836","35224","36030","33.3428083458402"
"10837","35371","36032","27.138663354483"
"10838","35371","36033","27.138663354483"
"10839","35371","36034","27.138663354483"
"10840","35851","36035","7.98342288799995"
"10841","35200","36036","34.3787212169279"
"10842","35820","36037","9.1495873444851"
"10843","35351","36038","28.2459701520424"
"10844","35351","36039","28.2459701520424"
"10845","35351","36040","28.2459701520424"
"10846","35065","36041","39.8469446018948"
"10847","35065","36042","39.8469446018948"
"10848","35065","36043","39.8469446018948"
"10849","35494","36044","21.6829672880772"
"10850","35494","36045","21.6829672880772"
"10851","35480","36046","22.4021727921067"
"10852","35191","36052","35.3482668187346"
"10853","35191","36053","35.3482668187346"
"10854","35191","36054","35.3482668187346"
"10855","35191","36055","35.3482668187346"
"10856","35717","36056","13.1025581550325"
"10857","35717","36057","13.1025581550325"
"10858","35175","36058","36.3031912342719"
"10859","35577","36060","18.6912707349302"
"10860","35577","36061","18.6912707349302"
"10861","35582","36063","18.5229291778601"
"10862","35582","36064","18.5229291778601"
"10863","35712","36065","13.9220897175474"
"10864","35712","36066","13.9220897175474"
"10865","35936","36067","5.48175925352189"
"10866","35689","36073","14.9786741196981"
"10867","35689","36074","14.9786741196981"
"10868","35689","36075","14.9786741196981"
"10869","35921","36077","7.04654981472186"
"10870","35921","36078","7.04654981472186"
"10871","35662","36079","16.1665682421999"
"10872","35662","36080","16.1665682421999"
"10873","35662","36081","16.1665682421999"
"10874","35997","36088","3.30850604703801"
"10875","35997","36089","3.30850604703801"
"10876","35997","36090","3.30850604703801"
"10877","35997","36091","3.30850604703801"
"10878","35671","36092","16.1771246928956"
"10879","35613","36093","18.2706179809106"
"10880","35587","36096","19.4532624048979"
"10881","34368","36098","73.3206797665232"
"10882","35358","36099","30.3388890368765"
"10883","35989","36103","4.53039185450598"
"10884","35989","36104","4.53039185450598"
"10885","35989","36105","4.53039185450598"
"10886","35706","36109","15.9657043748939"
"10887","35706","36110","15.9657043748939"
"10888","35706","36111","15.9657043748939"
"10889","35706","36112","15.9657043748939"
"10890","35706","36113","15.9657043748939"
"10891","35617","36114","19.0140775867699"
"10892","35617","36115","19.0140775867699"
"10893","35617","36116","19.0140775867699"
"10894","34841","36117","51.0302962869443"
"10895","34841","36118","51.0302962869443"
"10896","35693","36119","16.8208112314037"
"10897","35693","36120","16.8208112314037"
"10898","35374","36121","30.1805836669141"
"10899","35860","36124","11.3044620457877"
"10900","35860","36125","11.3044620457877"
"10901","36017","36129","4.38946102831824"
"10902","36017","36130","4.38946102831824"
"10903","35631","36131","19.203250710033"
"10904","35631","36132","19.203250710033"
"10905","35631","36133","19.203250710033"
"10906","35766","36134","14.9943790479597"
"10907","35766","36135","14.9943790479597"
"10908","35343","36136","32.4168836313445"
"10909","35343","36137","32.4168836313445"
"10910","35991","36138","5.48058361662834"
"10911","35991","36139","5.48058361662834"
"10912","35767","36140","14.9990041662663"
"10913","35797","36141","13.8648875567983"
"10914","35797","36142","13.8648875567983"
"10915","35797","36143","13.8648875567983"
"10916","34991","36144","46.5450029337687"
"10917","35931","36145","9.06437569038371"
"10918","35190","36146","38.8613388502029"
"10919","36066","36147","3.27183312266698"
"10920","35857","36148","12.1977870155074"
"10921","35857","36149","12.1977870155074"
"10922","35668","36151","18.8363275368542"
"10923","35668","36152","18.8363275368542"
"10924","35668","36153","18.8363275368542"
"10925","35668","36154","18.8363275368542"
"10926","35204","36155","38.7043787965317"
"10927","35705","36156","17.7187378610129"
"10928","35227","36164","38.0849747866012"
"10929","34913","36165","49.9546048304007"
"10930","34913","36166","49.9546048304007"
"10931","35987","36167","6.88695571135622"
"10932","35987","36168","6.88695571135622"
"10933","35841","36169","13.4634383499761"
"10934","35994","36170","6.69558712018943"
"10935","35994","36171","6.69558712018943"
"10936","35994","36172","6.69558712018943"
"10937","35412","36173","30.4979536439191"
"10938","35849","36179","13.3535709813077"
"10939","35487","36180","27.1874667424167"
"10940","35769","36182","16.5250901550939"
"10941","34180","36183","87.3380417119231"
"10942","34180","36184","87.3380417119231"
"10943","35807","36185","14.9534330429537"
"10944","35722","36190","18.2823483549955"
"10945","35004","36191","47.8692100517826"
"10946","35984","36192","8.44644351872466"
"10947","35984","36193","8.44644351872466"
"10948","35666","36194","21.1794989099608"
"10949","35666","36195","21.1794989099608"
"10950","35666","36196","21.1794989099608"
"10951","35895","36197","13.0956794239419"
"10952","33077","36198","134.003890837294"
"10953","35979","36202","9.29810094013374"
"10954","35755","36203","18.1693662689863"
"10955","35755","36204","18.1693662689863"
"10956","35533","36206","26.6128418204507"
"10957","35533","36207","26.6128418204507"
"10958","35533","36208","26.6128418204507"
"10959","35533","36209","26.6128418204507"
"10960","35533","36210","26.6128418204507"
"10961","35533","36211","26.6128418204507"
"10962","35533","36212","26.6128418204507"
"10963","35533","36213","26.6128418204507"
"10964","35508","36215","27.6291014259109"
"10965","35842","36216","15.5287716441135"
"10966","34775","36218","57.8067488210293"
"10967","35882","36219","14.4331259059104"
"10968","36030","36223","7.63152209775353"
"10969","35725","36224","19.9045170376694"
"10970","35725","36225","19.9045170376694"
"10971","35908","36226","13.7071994010284"
"10972","35908","36227","13.7071994010284"
"10973","35908","36228","13.7071994010284"
"10974","35908","36229","13.7071994010284"
"10975","35908","36230","13.7071994010284"
"10976","36074","36231","6.53141510823707"
"10977","36074","36232","6.53141510823707"
"10978","36074","36233","6.53141510823707"
"10979","35634","36234","23.1712829429316"
"10980","35741","36235","20.0827022538715"
"10981","35170","36239","43.7368507292974"
"10982","35170","36240","43.7368507292974"
"10983","35875","36241","15.2784496335703"
"10984","35225","36243","41.6135849685807"
"10985","35308","36244","38.0566534655277"
"10986","35308","36245","38.0566534655277"
"10987","36038","36251","8.30393409264207"
"10988","36038","36252","8.30393409264207"
"10989","34749","36253","59.9602658420197"
"10990","34749","36254","59.9602658420197"
"10991","34749","36255","59.9602658420197"
"10992","36075","36256","7.33991809371946"
"10993","36075","36257","7.33991809371946"
"10994","36075","36258","7.33991809371946"
"10995","36075","36259","7.33991809371946"
"10996","36046","36260","8.3972731524068"
"10997","36046","36261","8.3972731524068"
"10998","36046","36262","8.3972731524068"
"10999","35630","36264","24.6082124944082"
"11000","35090","36267","47.8857262060808"
"11001","36111","36269","6.56988735488994"
"11002","36152","36270","4.99777172936592"
"11003","36179","36271","4.25883034690651"
"11004","36179","36272","4.25883034690651"
"11005","36179","36273","4.25883034690651"
"11006","36179","36274","4.25883034690651"
"11007","34595","36275","68.8057886554079"
"11008","35428","36276","33.7514795898774"
"11009","35428","36277","33.7514795898774"
"11010","35659","36283","24.5751429978095"
"11011","35659","36284","24.5751429978095"
"11012","35501","36285","31.0430797821105"
"11013","36133","36286","6.455518350293"
"11014","36133","36287","6.455518350293"
"11015","35770","36288","21.2472492682987"
"11016","35770","36289","21.2472492682987"
"11017","35682","36290","24.2340469957776"
"11018","35737","36293","22.4721943423679"
"11019","36096","36294","8.68574041239253"
"11020","36096","36295","8.68574041239253"
"11021","34633","36298","68.7653967141405"
"11022","36121","36299","7.52938376483598"
"11023","36121","36300","7.52938376483598"
"11024","36168","36301","5.99337588175376"
"11025","36056","36302","10.3138576955425"
"11026","36056","36303","10.3138576955425"
"11027","34734","36304","63.3800441514845"
"11028","35625","36305","26.9939248313258"
"11029","35625","36306","26.9939248313258"
"11030","35627","36309","27.1078061943313"
"11031","35467","36311","33.8610646675343"
"11032","35467","36312","33.8610646675343"
"11033","35597","36313","28.5719775404546"
"11034","35910","36314","17.491359601459"
"11035","35101","36315","49.91596808644"
"11036","36073","36316","10.4651265278071"
"11037","36073","36317","10.4651265278071"
"11038","36073","36318","10.4651265278071"
"11039","36073","36319","10.4651265278071"
"11040","35902","36320","18.3239748889778"
"11041","35902","36321","18.3239748889778"
"11042","35902","36322","18.3239748889778"
"11043","35902","36323","18.3239748889778"
"11044","35902","36324","18.3239748889778"
"11045","35902","36325","18.3239748889778"
"11046","35902","36326","18.3239748889778"
"11047","36185","36331","6.8462742391589"
"11048","36185","36332","6.8462742391589"
"11049","32199","36333","180.034939463713"
"11050","36203","36334","5.58935859426629"
"11051","36203","36335","5.58935859426629"
"11052","36149","36336","8.4103550553491"
"11053","36182","36337","7.37936367161728"
"11054","36182","36338","7.37936367161728"
"11055","36182","36339","7.37936367161728"
"11056","36182","36340","7.37936367161728"
"11057","35973","36341","15.7731951918718"
"11058","35973","36342","15.7731951918718"
"11059","35973","36343","15.7731951918718"
"11060","35973","36344","15.7731951918718"
"11061","35574","36347","30.9681325073002"
"11062","35971","36348","16.1122787888794"
"11063","35816","36349","22.3984164509834"
"11064","35825","36351","22.2210042466377"
"11065","35825","36352","22.2210042466377"
"11066","36131","36359","9.66067174265618"
"11067","36131","36360","9.66067174265618"
"11068","36131","36361","9.66067174265618"
"11069","35995","36364","15.1625510155395"
"11070","35995","36365","15.1625510155395"
"11071","36286","36366","3.50510474326029"
"11072","36216","36367","6.4961827806369"
"11073","36216","36368","6.4961827806369"
"11074","35569","36369","31.9068328145236"
"11075","35569","36370","31.9068328145236"
"11076","36202","36371","7.02892850442231"
"11077","36202","36372","7.02892850442231"
"11078","36202","36373","7.02892850442231"
"11079","36202","36374","7.02892850442231"
"11080","35793","36375","24.1525588256864"
"11081","35793","36376","24.1525588256864"
"11082","36212","36377","6.76620435213272"
"11083","36264","36378","4.85908512814422"
"11084","35661","36379","28.756387801991"
"11085","35661","36380","28.756387801991"
"11086","35661","36381","28.756387801991"
"11087","35145","36384","50.9825334365842"
"11088","35145","36385","50.9825334365842"
"11089","35145","36386","50.9825334365842"
"11090","35395","36387","40.5642644818868"
"11091","35918","36390","19.9678028716735"
"11092","35918","36391","19.9678028716735"
"11093","35699","36392","27.8803032279243"
"11094","35923","36393","20.0599693202857"
"11095","35923","36394","20.0599693202857"
"11096","35923","36395","20.0599693202857"
"11097","35653","36398","29.3553369062015"
"11098","35653","36399","29.3553369062015"
"11099","34995","36406","57.0279837457947"
"11100","34995","36407","57.0279837457947"
"11101","34995","36408","57.0279837457947"
"11102","34995","36409","57.0279837457947"
"11103","35511","36410","35.121243812694"
"11104","35511","36411","35.121243812694"
"11105","35511","36412","35.121243812694"
"11106","36021","36413","15.4324348252358"
"11107","36021","36414","15.4324348252358"
"11108","36124","36415","11.3354832319715"
"11109","36116","36416","12.0467658903426"
"11110","36191","36418","8.98540533328469"
"11111","36191","36419","8.98540533328469"
"11112","35773","36422","26.2831926672079"
"11113","35773","36423","26.2831926672079"
"11114","35773","36424","26.2831926672079"
"11115","35773","36425","26.2831926672079"
"11116","35773","36426","26.2831926672079"
"11117","36207","36428","8.18710111081191"
"11118","36207","36429","8.18710111081191"
"11119","35960","36430","18.708981040862"
"11120","35960","36431","18.708981040862"
"11121","35960","36432","18.708981040862"
"11122","35960","36433","18.708981040862"
"11123","35960","36434","18.708981040862"
"11124","34483","36435","80.8754922475744"
"11125","34483","36436","80.8754922475744"
"11126","34483","36437","80.8754922475744"
"11127","34483","36438","80.8754922475744"
"11128","35986","36441","17.6759082456656"
"11129","35986","36442","17.6759082456656"
"11130","35986","36443","17.6759082456656"
"11131","36109","36444","13.0918406133555"
"11132","35768","36445","26.9517750475839"
"11133","35768","36446","26.9517750475839"
"11134","35768","36447","26.9517750475839"
"11135","35768","36448","26.9517750475839"
"11136","35319","36449","45.4354673371436"
"11137","35992","36451","17.7356262484627"
"11138","35992","36452","17.7356262484627"
"11139","35992","36453","17.7356262484627"
"11140","35992","36454","17.7356262484627"
"11141","35887","36455","22.9885026711095"
"11142","35887","36456","22.9885026711095"
"11143","35444","36468","39.4071515344867"
"11144","36002","36469","17.4220451663264"
"11145","36002","36470","17.4220451663264"
"11146","35775","36471","27.3061582573332"
"11147","35775","36472","27.3061582573332"
"11148","35442","36473","40.0292438171664"
"11149","32977","36475","148.213833399044"
"11150","36080","36476","15.3056307230313"
"11151","36080","36477","15.3056307230313"
"11152","36080","36478","15.3056307230313"
"11153","35647","36479","31.6737957279865"
"11154","35647","36480","31.6737957279865"
"11155","36241","36481","8.6143326748861"
"11156","35774","36482","27.7737990362693"
"11157","35774","36483","27.7737990362693"
"11158","35774","36484","27.7737990362693"
"11159","36125","36485","13.2826394541266"
"11160","36125","36486","13.2826394541266"
"11161","36125","36487","13.2826394541266"
"11162","35732","36488","29.072312678647"
"11163","35732","36489","29.072312678647"
"11164","35732","36490","29.072312678647"
"11165","34579","36491","76.8664160723567"
"11166","35325","36492","46.5542346321347"
"11167","35325","36493","46.5542346321347"
"11168","35325","36494","46.5542346321347"
"11169","35325","36495","46.5542346321347"
"11170","35861","36496","24.9182341490437"
"11171","34674","36497","72.5832182287836"
"11172","34674","36498","72.5832182287836"
"11173","34674","36499","72.5832182287836"
"11174","36398","36500","2.73836654781462"
"11175","36398","36501","2.73836654781462"
"11176","36398","36502","2.73836654781462"
"11177","36398","36503","2.73836654781462"
"11178","36193","36504","10.9566622336661"
"11179","35650","36505","32.6885596738794"
"11180","35650","36506","32.6885596738794"
"11181","36311","36507","6.64570911056217"
"11182","36311","36508","6.64570911056217"
"11183","36311","36509","6.64570911056217"
"11184","34972","36510","61.3425304837531"
"11185","34972","36511","61.3425304837531"
"11186","35648","36512","32.9735958202605"
"11187","35648","36513","32.9735958202605"
"11188","35751","36517","30.0242056005522"
"11189","35600","36518","35.3053121673497"
"11190","35600","36519","35.3053121673497"
"11191","35600","36520","35.3053121673497"
"11192","35600","36521","35.3053121673497"
"11193","35520","36522","38.2076816125314"
"11194","35520","36523","38.2076816125314"
"11195","36399","36524","3.83288868157615"
"11196","36399","36525","3.83288868157615"
"11197","36399","36526","3.83288868157615"
"11198","36349","36527","5.26907049314059"
"11199","36428","36541","3.42314248980665"
"11200","36369","36542","5.0270491423521"
"11201","35776","36543","29.6818812141878"
"11202","36289","36547","8.83692786751681"
"11203","36289","36548","8.83692786751681"
"11204","35353","36549","46.9940710129522"
"11205","36360","36551","6.16603083956488"
"11206","36209","36552","12.4103665024254"
"11207","36209","36553","12.4103665024254"
"11208","34505","36554","84.4961585440983"
"11209","36018","36556","20.5207712926181"
"11210","36233","36558","12.0733454558476"
"11211","33776","36559","118.697714557786"
"11212","36319","36562","8.47116793459418"
"11213","36319","36563","8.47116793459418"
"11214","36415","36564","5.37045147499384"
"11215","36415","36565","5.37045147499384"
"11216","36408","36566","5.50027349277798"
"11217","35612","36572","36.7886529342395"
"11218","35612","36573","36.7886529342395"
"11219","35612","36574","36.7886529342395"
"11220","35917","36575","26.0756276137486"
"11221","36303","36576","9.4242535053354"
"11222","36244","36577","12.2462474760091"
"11223","36244","36578","12.2462474760091"
"11224","36371","36583","6.80060635332666"
"11225","36371","36584","6.80060635332666"
"11226","36371","36585","6.80060635332666"
"11227","36371","36586","6.80060635332666"
"11228","36371","36587","6.80060635332666"
"11229","36371","36588","6.80060635332666"
"11230","36371","36589","6.80060635332666"
"11231","36371","36590","6.80060635332666"
"11232","36371","36591","6.80060635332666"
"11233","35805","36592","30.0834071132285"
"11234","35629","36593","36.3707389614224"
"11235","36431","36605","6.09200767318316"
"11236","36431","36606","6.09200767318316"
"11237","35266","36607","53.4066422302285"
"11238","36284","36608","11.8506168278186"
"11239","36284","36609","11.8506168278186"
"11240","36284","36610","11.8506168278186"
"11241","36284","36611","11.8506168278186"
"11242","36232","36612","13.8213250492845"
"11243","36232","36613","13.8213250492845"
"11244","36232","36614","13.8213250492845"
"11245","36232","36615","13.8213250492845"
"11246","36486","36616","4.84119418836644"
"11247","36287","36620","11.6149101926117"
"11248","36287","36621","11.6149101926117"
"11249","36287","36622","11.6149101926117"
"11250","36040","36623","21.5865021298869"
"11251","35763","36626","33.2541526392606"
"11252","35763","36627","33.2541526392606"
"11253","35763","36628","33.2541526392606"
"11254","35763","36629","33.2541526392606"
"11255","35763","36630","33.2541526392606"
"11256","36206","36631","14.9678288222103"
"11257","35967","36632","25.2812131487631"
"11258","35967","36633","25.2812131487631"
"11259","36114","36634","19.2766963508607"
"11260","36411","36635","7.36118448070056"
"11261","36411","36636","7.36118448070056"
"11262","36411","36637","7.36118448070056"
"11263","36259","36638","13.6571350865424"
"11264","36259","36639","13.6571350865424"
"11265","36259","36640","13.6571350865424"
"11266","36377","36641","8.64762250812009"
"11267","35496","36645","44.1650408849305"
"11268","35496","36646","44.1650408849305"
"11269","36503","36648","5.63699709298635"
"11270","36503","36649","5.63699709298635"
"11271","34558","36650","84.7213816993631"
"11272","36052","36651","22.3661033991361"
"11273","35848","36653","31.3175476802662"
"11274","36032","36654","23.1636232584719"
"11275","36612","36657","1.61858780912689"
"11276","36612","36658","1.61858780912689"
"11277","36612","36659","1.61858780912689"
"11278","36612","36660","1.61858780912689"
"11279","35856","36661","31.2058986353954"
"11280","35856","36662","31.2058986353954"
"11281","36053","36663","22.9352862989476"
"11282","36053","36664","22.9352862989476"
"11283","36192","36665","17.4307643174852"
"11284","34428","36666","92.2768442573972"
"11285","36213","36669","16.9970219610714"
"11286","36180","36670","19.0113850704111"
"11287","36180","36671","19.0113850704111"
"11288","36180","36672","19.0113850704111"
"11289","36155","36674","20.0375575023672"
"11290","36183","36676","19.1439708986741"
"11291","36183","36677","19.1439708986741"
"11292","36183","36678","19.1439708986741"
"11293","36093","36679","22.8741270030409"
"11294","35484","36680","46.6943700005522"
"11295","35484","36681","46.6943700005522"
"11296","35484","36682","46.6943700005522"
"11297","36254","36683","16.109479122365"
"11298","36254","36684","16.109479122365"
"11299","35716","36690","37.2861301341804"
"11300","35716","36691","37.2861301341804"
"11301","35716","36692","37.2861301341804"
"11302","35716","36693","37.2861301341804"
"11303","35716","36694","37.2861301341804"
"11304","35716","36695","37.2861301341804"
"11305","36352","36696","11.5897392794518"
"11306","36352","36697","11.5897392794518"
"11307","36352","36698","11.5897392794518"
"11308","36226","36701","17.2238232316895"
"11309","36511","36702","6.95543039448376"
"11310","36511","36703","6.95543039448376"
"11311","36218","36704","17.7917325271883"
"11312","36441","36705","9.43055976787946"
"11313","36091","36706","23.4484034071934"
"11314","36587","36707","4.77377026234899"
"11315","36587","36708","4.77377026234899"
"11316","36587","36709","4.77377026234899"
"11317","35976","36713","28.1466460559254"
"11318","36566","36716","5.22027667431257"
"11319","35515","36721","45.696318847125"
"11320","35515","36722","45.696318847125"
"11321","36372","36723","11.9430280978299"
"11322","36335","36729","13.3156232105684"
"11323","36335","36730","13.3156232105684"
"11324","36361","36731","12.4502191418801"
"11325","35419","36732","50.9237259308943"
"11326","35423","36734","50.6880581900241"
"11327","36442","36735","10.2752353157898"
"11328","36079","36736","24.8618569463861"
"11329","36058","36737","25.6091406099936"
"11330","36323","36738","14.4056713423506"
"11331","36323","36739","14.4056713423506"
"11332","36154","36740","22.1190278405024"
"11333","36154","36741","22.1190278405024"
"11334","36154","36742","22.1190278405024"
"11335","36154","36743","22.1190278405024"
"11336","36406","36747","11.8992086660369"
"11337","35683","36748","40.7354323549703"
"11338","36227","36750","19.2482838229726"
"11339","36334","36751","14.6013128136351"
"11340","36064","36752","26.1399621283131"
"11341","36225","36753","19.4136906886624"
"11342","36225","36754","19.4136906886624"
"11343","36410","36755","12.2108756195107"
"11344","36410","36756","12.2108756195107"
"11345","36456","36757","10.9792934049333"
"11346","36456","36758","10.9792934049333"
"11347","36456","36759","10.9792934049333"
"11348","36456","36760","10.9792934049333"
"11349","36481","36762","10.3761966509423"
"11350","36043","36763","27.0494534148097"
"11351","36045","36764","26.9792355481318"
"11352","36045","36765","26.9792355481318"
"11353","36045","36766","26.9792355481318"
"11354","36045","36767","26.9792355481318"
"11355","36120","36768","24.2112379507921"
"11356","36120","36769","24.2112379507921"
"11357","36120","36770","24.2112379507921"
"11358","36590","36778","6.97602880352042"
"11359","36590","36779","6.97602880352042"
"11360","36590","36780","6.97602880352042"
"11361","36332","36781","15.1751384588297"
"11362","36692","36782","2.79187453452323"
"11363","36692","36783","2.79187453452323"
"11364","34008","36785","116.546915486861"
"11365","36492","36786","10.9383999978604"
"11366","36492","36787","10.9383999978604"
"11367","36492","36788","10.9383999978604"
"11368","36492","36789","10.9383999978604"
"11369","35792","36790","38.5090183677421"
"11370","36422","36791","12.8656130267564"
"11371","36477","36792","11.5156654660054"
"11372","35601","36796","45.2175407604559"
"11373","36585","36803","7.79606950373136"
"11374","36497","36804","11.2955123783404"
"11375","35654","36809","43.7388153905617"
"11376","36414","36810","14.0920085239368"
"11377","36414","36811","14.0920085239368"
"11378","36414","36812","14.0920085239368"
"11379","36414","36813","14.0920085239368"
"11380","36414","36814","14.0920085239368"
"11381","36414","36815","14.0920085239368"
"11382","36414","36816","14.0920085239368"
"11383","36520","36817","10.7831271471073"
"11384","36520","36818","10.7831271471073"
"11385","36520","36819","10.7831271471073"
"11386","35639","36820","44.3689538664771"
"11387","35639","36821","44.3689538664771"
"11388","36451","36822","12.9924927641277"
"11389","36519","36827","10.8918780390491"
"11390","33920","36828","122.395227058301"
"11391","36132","36829","25.535516860497"
"11392","36500","36830","12.0533518343982"
"11393","36500","36831","12.0533518343982"
"11394","36500","36832","12.0533518343982"
"11395","36500","36833","12.0533518343982"
"11396","36234","36840","21.862210008645"
"11397","36137","36841","26.0116823839958"
"11398","35824","36842","38.8327364961242"
"11399","36195","36843","23.385483915933"
"11400","36683","36844","5.19688540861898"
"11401","36683","36845","5.19688540861898"
"11402","36262","36846","21.2207241839137"
"11403","36512","36859","12.2747884811001"
"11404","36574","36860","10.262183660499"
"11405","36574","36861","10.262183660499"
"11406","36425","36864","15.5295651977362"
"11407","35996","36866","32.3915879334995"
"11408","35996","36867","32.3915879334995"
"11409","35996","36868","32.3915879334995"
"11410","35996","36869","32.3915879334995"
"11411","35996","36870","32.3915879334995"
"11412","35996","36871","32.3915879334995"
"11413","35996","36872","32.3915879334995"
"11414","36623","36873","9.10193850575479"
"11415","36623","36874","9.10193850575479"
"11416","36623","36875","9.10193850575479"
"11417","36623","36876","9.10193850575479"
"11418","36623","36877","9.10193850575479"
"11419","36413","36878","15.9774162855942"
"11420","36413","36879","15.9774162855942"
"11421","34892","36880","77.0532941323465"
"11422","34892","36881","77.0532941323465"
"11423","36573","36886","10.8184678302109"
"11424","36009","36887","32.1691351827058"
"11425","36485","36889","14.4068390109182"
"11426","36485","36890","14.4068390109182"
"11427","36485","36891","14.4068390109182"
"11428","36271","36892","22.0573149877455"
"11429","36433","36893","16.1863192372707"
"11430","35644","36897","46.6784467309285"
"11431","35644","36898","46.6784467309285"
"11432","35385","36899","58.4273498714224"
"11433","35385","36900","58.4273498714224"
"11434","35174","36901","67.3897246938759"
"11435","35174","36902","67.3897246938759"
"11436","36065","36909","30.8530667032346"
"11437","36065","36910","30.8530667032346"
"11438","36708","36911","6.58055686809257"
"11439","35399","36916","58.2123012483994"
"11440","36641","36922","9.72623687880377"
"11441","36317","36923","20.5265180857705"
"11442","36317","36924","20.5265180857705"
"11443","36627","36925","10.4469020689012"
"11444","36627","36926","10.4469020689012"
"11445","36627","36927","10.4469020689012"
"11446","36445","36928","16.628583122626"
"11447","36445","36929","16.628583122626"
"11448","36445","36930","16.628583122626"
"11449","36445","36931","16.628583122626"
"11450","36105","36933","29.9467995931691"
"11451","32714","36934","174.125767697708"
"11452","36344","36935","19.7073579904531"
"11453","36663","36937","9.28516348614176"
"11454","35500","36938","54.2177697620937"
"11455","35500","36939","54.2177697620937"
"11456","36434","36940","17.781652694307"
"11457","36434","36941","17.781652694307"
"11458","35453","36944","56.1488265561793"
"11459","35453","36945","56.1488265561793"
"11460","34394","36954","103.443388019373"
"11461","36742","36955","7.08221982855775"
"11462","36742","36956","7.08221982855775"
"11463","36742","36957","7.08221982855775"
"11464","36223","36961","26.2169876722905"
"11465","36223","36962","26.2169876722905"
"11466","36223","36963","26.2169876722905"
"11467","36223","36964","26.2169876722905"
"11468","35924","36965","39.5452099805016"
"11469","36770","36966","6.56336671599001"
"11470","36164","36967","29.1446843381941"
"11471","36759","36968","6.88298004636044"
"11472","36759","36969","6.88298004636044"
"11473","36759","36970","6.88298004636044"
"11474","36351","36973","20.8145599077175"
"11475","36351","36974","20.8145599077175"
"11476","36452","36980","18.0060384469434"
"11477","36638","36982","12.0844094703079"
"11478","36638","36983","12.0844094703079"
"11479","36527","36984","16.0513710273399"
"11480","36527","36985","16.0513710273399"
"11481","36527","36986","16.0513710273399"
"11482","36527","36987","16.0513710273399"
"11483","36527","36988","16.0513710273399"
"11484","36446","36991","18.6197095900852"
"11485","36446","36992","18.6197095900852"
"11486","36446","36993","18.6197095900852"
"11487","36446","36994","18.6197095900852"
"11488","34996","36995","76.8367233533731"
"11489","34996","36996","76.8367233533731"
"11490","34996","36997","76.8367233533731"
"11491","34996","36998","76.8367233533731"
"11492","36747","36999","7.98923066730731"
"11493","35968","37000","37.8702791349533"
"11494","36208","37001","27.646752007659"
"11495","36208","37002","27.646752007659"
"11496","36208","37003","27.646752007659"
"11497","34228","37004","114.079216081122"
"11498","32136","37005","205.551876081594"
"11499","36239","37006","26.8279145008337"
"11500","36239","37007","26.8279145008337"
"11501","36035","37009","34.9574954431896"
"11502","36035","37010","34.9574954431896"
"11503","36468","37011","18.8392638719665"
"11504","36468","37012","18.8392638719665"
"11505","36468","37013","18.8392638719665"
"11506","36288","37014","24.9191527765729"
"11507","36698","37015","10.2808847857245"
"11508","36698","37016","10.2808847857245"
"11509","36698","37017","10.2808847857245"
"11510","36077","37018","33.8041787005163"
"11511","36077","37019","33.8041787005163"
"11512","36681","37020","10.5238169869599"
"11513","36681","37021","10.5238169869599"
"11514","36635","37023","13.0875938676704"
"11515","36487","37024","18.5360943339138"
"11516","36384","37030","21.4191927552129"
"11517","36384","37031","21.4191927552129"
"11518","36384","37032","21.4191927552129"
"11519","36384","37033","21.4191927552129"
"11520","35781","37034","46.1314836590759"
"11521","36741","37036","9.08467177233706"
"11522","36380","37037","21.7179215439974"
"11523","36380","37038","21.7179215439974"
"11524","36432","37039","20.4107883571055"
"11525","36290","37042","25.6113634581488"
"11526","36632","37044","13.7791019674228"
"11527","34676","37047","91.7178034717183"
"11528","36578","37048","15.8802927922293"
"11529","34755","37049","87.6858677550542"
"11530","35983","37050","38.9294617990322"
"11531","35983","37051","38.9294617990322"
"11532","36320","37052","24.8901939773455"
"11533","36295","37053","26.157117777987"
"11534","36691","37054","12.0831567135488"
"11535","36610","37055","15.224136974839"
"11536","35256","37061","69.4713307821582"
"11537","35256","37062","69.4713307821582"
"11538","36649","37063","14.3468044244069"
"11539","36649","37064","14.3468044244069"
"11540","36649","37065","14.3468044244069"
"11541","35057","37066","77.1724509775365"
"11542","36556","37069","17.5988111430847"
"11543","36577","37070","17.0012631423037"
"11544","36577","37071","17.0012631423037"
"11545","36577","37072","17.0012631423037"
"11546","36702","37073","12.6870727032392"
"11547","36790","37074","9.60175217395044"
"11548","35905","37075","44.1690505732458"
"11549","35905","37076","44.1690505732458"
"11550","35905","37077","44.1690505732458"
"11551","35922","37078","43.6935447658243"
"11552","35922","37079","43.6935447658243"
"11553","37003","37082","3.60435558337531"
"11554","37003","37083","3.60435558337531"
"11555","35603","37085","55.3195192423063"
"11556","35603","37086","55.3195192423063"
"11557","36929","37087","6.00469128437317"
"11558","36499","37088","21.392967244125"
"11559","36499","37089","21.392967244125"
"11560","36499","37090","21.392967244125"
"11561","36499","37091","21.392967244125"
"11562","36499","37092","21.392967244125"
"11563","36510","37093","20.6163675077228"
"11564","36510","37094","20.6163675077228"
"11565","36510","37095","20.6163675077228"
"11566","36510","37096","20.6163675077228"
"11567","36510","37097","20.6163675077228"
"11568","36510","37098","20.6163675077228"
"11569","36785","37099","10.8188236820333"
"11570","36782","37103","11.2849814266269"
"11571","36156","37104","34.5565846854493"
"11572","36228","37105","31.4046105309735"
"11573","36151","37106","34.7298227113074"
"11574","36151","37107","34.7298227113074"
"11575","36992","37108","4.69480583513496"
"11576","36992","37109","4.69480583513496"
"11577","36792","37110","10.9514494634673"
"11578","36792","37111","10.9514494634673"
"11579","36792","37112","10.9514494634673"
"11580","36827","37115","10.2656443175983"
"11581","35855","37118","47.3921973388447"
"11582","35855","37119","47.3921973388447"
"11583","35855","37120","47.3921973388447"
"11584","36766","37121","12.3209802592805"
"11585","36766","37122","12.3209802592805"
"11586","36572","37123","19.2653808828286"
"11587","37037","37124","3.95310806628368"
"11588","37037","37125","3.95310806628368"
"11589","37037","37126","3.95310806628368"
"11590","36897","37127","8.059123299372"
"11591","36897","37128","8.059123299372"
"11592","36897","37129","8.059123299372"
"11593","36870","37130","8.95323772165921"
"11594","36870","37131","8.95323772165921"
"11595","36870","37132","8.95323772165921"
"11596","36954","37133","6.32716530286825"
"11597","36954","37134","6.32716530286825"
"11598","36490","37135","22.9910955295859"
"11599","36490","37136","22.9910955295859"
"11600","36677","37137","15.302745273048"
"11601","36677","37138","15.302745273048"
"11602","36762","37140","12.888552295608"
"11603","36365","37141","26.4964614708406"
"11604","35649","37142","55.0151227856177"
"11605","35649","37143","55.0151227856177"
"11606","35649","37144","55.0151227856177"
"11607","35649","37145","55.0151227856177"
"11608","35649","37146","55.0151227856177"
"11609","35649","37147","55.0151227856177"
"11610","36986","37150","5.988820742587"
"11611","35148","37151","77.2957366905312"
"11612","37005","37152","5.71349167779863"
"11613","37005","37153","5.71349167779863"
"11614","36023","37155","41.6227492694056"
"11615","36023","37156","41.6227492694056"
"11616","36735","37166","15.181666419599"
"11617","35599","37168","58.4847694306727"
"11618","35599","37169","58.4847694306727"
"11619","35872","37171","48.9509521885811"
"11620","36767","37172","14.2185409709537"
"11621","36874","37173","10.7349302476282"
"11622","36874","37174","10.7349302476282"
"11623","36874","37175","10.7349302476282"
"11624","36874","37176","10.7349302476282"
"11625","34915","37177","86.7083242512867"
"11626","37032","37183","6.17170228274017"
"11627","36740","37184","15.2185976770957"
"11628","37013","37185","6.79675721131207"
"11629","37013","37186","6.79675721131207"
"11630","36256","37187","33.208069764773"
"11631","34939","37188","85.9092394036059"
"11632","34939","37189","85.9092394036059"
"11633","36670","37190","17.6870088632545"
"11634","36331","37191","29.6209238417377"
"11635","36331","37192","29.6209238417377"
"11636","36331","37193","29.6209238417377"
"11637","37099","37194","3.29850192018648"
"11638","36197","37195","35.5977848980324"
"11639","35147","37199","78.9348961487226"
"11640","37015","37200","7.05935844708756"
"11641","36738","37204","16.1217649671157"
"11642","36738","37205","16.1217649671157"
"11643","36738","37206","16.1217649671157"
"11644","36385","37214","28.4349506752646"
"11645","36090","37215","40.8534066385369"
"11646","36090","37216","40.8534066385369"
"11647","36090","37217","40.8534066385369"
"11648","36090","37218","40.8534066385369"
"11649","35230","37219","75.7334530216074"
"11650","35270","37221","74.4779570196667"
"11651","35270","37222","74.4779570196667"
"11652","36871","37224","11.9771416754115"
"11653","36871","37225","11.9771416754115"
"11654","36871","37226","11.9771416754115"
"11655","36651","37227","19.8011870655018"
"11656","36470","37228","26.5715398488355"
"11657","36471","37229","26.6298935698806"
"11658","36471","37230","26.6298935698806"
"11659","36471","37231","26.6298935698806"
"11660","36471","37232","26.6298935698806"
"11661","36471","37233","26.6298935698806"
"11662","36390","37234","28.7630671819065"
"11663","36390","37235","28.7630671819065"
"11664","36475","37236","26.442519494421"
"11665","36475","37237","26.442519494421"
"11666","36475","37238","26.442519494421"
"11667","36754","37239","16.2324230766685"
"11668","36608","37240","21.661321501575"
"11669","35139","37245","80.716037582441"
"11670","35139","37246","80.716037582441"
"11671","35139","37247","80.716037582441"
"11672","35139","37248","80.716037582441"
"11673","35139","37249","80.716037582441"
"11674","36631","37251","21.3929064724771"
"11675","36387","37252","29.308859623236"
"11676","35466","37253","66.0235678100489"
"11677","36864","37254","12.7769594779779"
"11678","36864","37255","12.7769594779779"
"11679","36864","37256","12.7769594779779"
"11680","36864","37257","12.7769594779779"
"11681","36864","37258","12.7769594779779"
"11682","36616","37259","21.8898899877481"
"11683","36817","37261","14.5771054231323"
"11684","36817","37262","14.5771054231323"
"11685","36872","37265","12.9698495935982"
"11686","36872","37266","12.9698495935982"
"11687","36682","37267","19.2104605953596"
"11688","37063","37268","6.79501501366394"
"11689","36614","37269","22.4294178066475"
"11690","37014","37272","9.50178686297204"
"11691","36584","37273","23.9938384591001"
"11692","36584","37274","23.9938384591001"
"11693","36584","37275","23.9938384591001"
"11694","36584","37276","23.9938384591001"
"11695","36584","37277","23.9938384591001"
"11696","36584","37278","23.9938384591001"
"11697","36722","37279","18.948586892096"
"11698","36722","37280","18.948586892096"
"11699","36966","37285","10.9428260334439"
"11700","36938","37286","11.950875248674"
"11701","36938","37287","11.950875248674"
"11702","36626","37288","23.0085223975152"
"11703","36969","37291","11.0656196618238"
"11704","36944","37292","11.8589575889018"
"11705","36944","37293","11.8589575889018"
"11706","36339","37294","32.6262981676746"
"11707","36339","37295","32.6262981676746"
"11708","36916","37296","13.4373485898791"
"11709","36916","37297","13.4373485898791"
"11710","35694","37298","59.0913614942529"
"11711","35694","37299","59.0913614942529"
"11712","36739","37300","19.456336980279"
"11713","36739","37301","19.456336980279"
"11714","37092","37306","7.34348844801752"
"11715","37092","37307","7.34348844801752"
"11716","37048","37308","9.6304237290019"
"11717","36999","37309","11.3760061384728"
"11718","36999","37310","11.3760061384728"
"11719","37123","37311","6.45872254393271"
"11720","35690","37312","59.8210487276256"
"11721","36955","37313","12.654116698237"
"11722","36955","37314","12.654116698237"
"11723","37215","37321","3.75121087615025"
"11724","36605","37322","25.2321565603802"
"11725","36473","37326","30.2612272995339"
"11726","36167","37331","41.9244055597678"
"11727","36684","37332","22.1567228188705"
"11728","36881","37333","16.1164778601565"
"11729","36881","37334","16.1164778601565"
"11730","36881","37335","16.1164778601565"
"11731","37183","37336","5.31158744938284"
"11732","36866","37337","16.3263062355882"
"11733","36783","37338","19.6800634948718"
"11734","36293","37339","36.9386248908354"
"11735","37118","37340","7.93538079472864"
"11736","37118","37341","7.93538079472864"
"11737","37118","37342","7.93538079472864"
"11738","36524","37343","29.1596779385436"
"11739","37017","37344","12.4957906557206"
"11740","36003","37346","48.7271598101975"
"11741","36392","37347","33.3023149962155"
"11742","36392","37348","33.3023149962155"
"11743","37019","37349","12.4995222312482"
"11744","37064","37350","10.5590886455643"
"11745","37129","37351","8.26052165639612"
"11746","36378","37352","34.122838230282"
"11747","37088","37359","9.6802311803026"
"11748","37088","37360","9.6802311803026"
"11749","37088","37361","9.6802311803026"
"11750","37273","37365","3.90152276559502"
"11751","37273","37366","3.90152276559502"
"11752","37273","37367","3.90152276559502"
"11753","37137","37369","8.57268712165796"
"11754","36732","37370","22.6634510606573"
"11755","35483","37373","70.5259936877605"
"11756","35483","37374","70.5259936877605"
"11757","37240","37375","5.28526791832383"
"11758","36479","37378","32.1798772332854"
"11759","36924","37379","16.6804218073639"
"11760","36755","37380","22.0149714616791"
"11761","37095","37381","10.5014649115192"
"11762","36142","37382","45.4440489151243"
"11763","35708","37384","62.5686536854314"
"11764","37169","37386","8.27210242092224"
"11765","37169","37387","8.27210242092224"
"11766","34849","37388","97.6008396916534"
"11767","34849","37389","97.6008396916534"
"11768","36660","37390","26.5101991148135"
"11769","36099","37399","47.6691868915223"
"11770","37248","37403","6.84963224013018"
"11771","37248","37404","6.84963224013018"
"11772","36338","37405","37.496572747446"
"11773","36338","37406","37.496572747446"
"11774","37047","37408","14.2071135145165"
"11775","37074","37413","13.0067487284982"
"11776","37074","37414","13.0067487284982"
"11777","36987","37415","16.3969902713211"
"11778","36987","37416","16.3969902713211"
"11779","36143","37417","47.0013216821585"
"11780","36991","37419","16.812272333158"
"11781","36991","37420","16.812272333158"
"11782","36426","37421","36.0192945892977"
"11783","36426","37422","36.0192945892977"
"11784","36478","37424","34.711549484432"
"11785","37380","37426","2.39429054890297"
"11786","37380","37427","2.39429054890297"
"11787","37380","37428","2.39429054890297"
"11788","36171","37434","46.6716076814905"
"11789","36092","37435","50.0117920845587"
"11790","36092","37436","50.0117920845587"
"11791","36092","37437","50.0117920845587"
"11792","36092","37438","50.0117920845587"
"11793","36583","37439","31.2609030616263"
"11794","36779","37440","24.4944174058414"
"11795","36255","37441","43.3980296166897"
"11796","36255","37442","43.3980296166897"
"11797","37347","37443","4.51674038177498"
"11798","37347","37444","4.51674038177498"
"11799","36984","37448","17.798455372541"
"11800","37256","37450","8.70843967621295"
"11801","37256","37451","8.70843967621295"
"11802","37233","37452","9.4096907217936"
"11803","36326","37455","40.5850151363043"
"11804","36326","37456","40.5850151363043"
"11805","36326","37457","40.5850151363043"
"11806","36326","37458","40.5850151363043"
"11807","36326","37459","40.5850151363043"
"11808","36326","37460","40.5850151363043"
"11809","36326","37461","40.5850151363043"
"11810","36326","37462","40.5850151363043"
"11811","36326","37463","40.5850151363043"
"11812","37086","37477","14.2894405144443"
"11813","37086","37478","14.2894405144443"
"11814","36945","37479","19.5076439413733"
"11815","36945","37480","19.5076439413733"
"11816","36272","37484","43.9382187098959"
"11817","36272","37485","43.9382187098959"
"11818","36272","37486","43.9382187098959"
"11819","36272","37487","43.9382187098959"
"11820","36272","37488","43.9382187098959"
"11821","36639","37489","31.0489656232471"
"11822","36639","37490","31.0489656232471"
"11823","36639","37491","31.0489656232471"
"11824","36778","37494","25.8524055252183"
"11825","36880","37495","22.5837893388539"
"11826","36880","37496","22.5837893388539"
"11827","36880","37497","22.5837893388539"
"11828","36676","37498","29.0380790359141"
"11829","37098","37499","15.1362963799002"
"11830","37098","37500","15.1362963799002"
"11831","36314","37501","42.4096399919877"
"11832","36314","37502","42.4096399919877"
"11833","37155","37504","12.8720045203627"
"11834","37155","37505","12.8720045203627"
"11835","35581","37506","71.8087439195228"
"11836","35581","37507","71.8087439195228"
"11837","37298","37508","8.63584587414471"
"11838","37276","37511","9.60600989375143"
"11839","37276","37512","9.60600989375143"
"11840","37276","37513","9.60600989375143"
"11841","36756","37518","27.3590031437307"
"11842","37120","37519","14.9643765339511"
"11843","37496","37521","1.36985067978003"
"11844","36996","37522","20.2779008428834"
"11845","36996","37523","20.2779008428834"
"11846","37403","37524","4.69087392618439"
"11847","37403","37525","4.69087392618439"
"11848","37138","37528","15.262964577892"
"11849","37204","37529","13.0631408214845"
"11850","37204","37530","13.0631408214845"
"11851","37224","37534","12.8793248197494"
"11852","36423","37536","40.5929972214508"
"11853","36423","37537","40.5929972214508"
"11854","36993","37538","21.4124369786728"
"11855","37168","37543","14.6439329793207"
"11856","36170","37544","51.0241696791172"
"11857","36170","37545","51.0241696791172"
"11858","37457","37546","3.95930070817894"
"11859","36893","37547","25.0128711919278"
"11860","37214","37548","14.197226761285"
"11861","37214","37549","14.197226761285"
"11862","37214","37550","14.197226761285"
"11863","37214","37551","14.197226761285"
"11864","37136","37555","16.9068461597508"
"11865","37136","37556","16.9068461597508"
"11866","37144","37558","16.8035526246867"
"11867","36650","37559","33.9740735205069"
"11868","36650","37560","33.9740735205069"
"11869","37127","37561","17.2696806546692"
"11870","37373","37562","8.42554508375406"
"11871","36694","37565","32.4391815824497"
"11872","37314","37569","11.183894014845"
"11873","37314","37570","11.183894014845"
"11874","37314","37571","11.183894014845"
"11875","37314","37572","11.183894014845"
"11876","37314","37573","11.183894014845"
"11877","37388","37574","7.7311007159883"
"11878","37217","37575","14.8827122961611"
"11879","36001","37576","58.6020497961235"
"11880","36001","37577","58.6020497961235"
"11881","36001","37578","58.6020497961235"
"11882","36269","37579","48.3808371716082"
"11883","36269","37580","48.3808371716082"
"11884","36269","37581","48.3808371716082"
"11885","36269","37582","48.3808371716082"
"11886","36269","37583","48.3808371716082"
"11887","36269","37584","48.3808371716082"
"11888","36269","37585","48.3808371716082"
"11889","36269","37586","48.3808371716082"
"11890","36875","37587","26.9182028780892"
"11891","36875","37588","26.9182028780892"
"11892","36875","37589","26.9182028780892"
"11893","36875","37590","26.9182028780892"
"11894","36875","37591","26.9182028780892"
"11895","36505","37597","40.0370429611735"
"11896","37326","37598","11.0181980354778"
"11897","37326","37599","11.0181980354778"
"11898","37422","37600","6.76343800681434"
"11899","37489","37604","4.98339265834329"
"11900","36376","37605","44.7927898816006"
"11901","36376","37606","44.7927898816006"
"11902","37340","37608","11.21859073017"
"11903","37340","37609","11.21859073017"
"11904","37340","37610","11.21859073017"
"11905","35037","37612","99.3224328373144"
"11906","35037","37613","99.3224328373144"
"11907","36898","37614","27.1473172899568"
"11908","36898","37615","27.1473172899568"
"11909","36898","37616","27.1473172899568"
"11910","37451","37620","6.76493427684363"
"11911","37436","37621","7.37027412027419"
"11912","37436","37622","7.37027412027419"
"11913","36982","37625","25.0755430509735"
"11914","36828","37629","30.5540669670499"
"11915","36828","37630","30.5540669670499"
"11916","37285","37631","14.9148426978081"
"11917","37023","37632","24.5069511614997"
"11918","37605","37633","1.27224575816535"
"11919","37108","37634","20.7897239180138"
"11920","37108","37635","20.7897239180138"
"11921","36974","37639","26.0023964827719"
"11922","36974","37640","26.0023964827719"
"11923","36974","37641","26.0023964827719"
"11924","37491","37642","6.69775602912523"
"11925","36820","37644","31.1077545394983"
"11926","36816","37645","31.25731773813"
"11927","36995","37646","25.690664443036"
"11928","36995","37647","25.690664443036"
"11929","36995","37648","25.690664443036"
"11930","36522","37653","42.6055369843029"
"11931","36522","37654","42.6055369843029"
"11932","36522","37655","42.6055369843029"
"11933","36522","37656","42.6055369843029"
"11934","36359","37657","47.6041393639639"
"11935","36359","37658","47.6041393639639"
"11936","36359","37659","47.6041393639639"
"11937","36751","37660","33.9429312130369"
"11938","37538","37661","5.13177366743275"
"11939","36868","37662","30.1883963272808"
"11940","36868","37663","30.1883963272808"
"11941","37044","37664","25.1417205853841"
"11942","37044","37665","25.1417205853841"
"11943","37147","37666","21.0397609072893"
"11944","35970","37671","64.389941375638"
"11945","35970","37672","64.389941375638"
"11946","35970","37673","64.389941375638"
"11947","36842","37674","31.4703147162236"
"11948","36611","37676","39.7260528731254"
"11949","37378","37680","12.5754151051883"
"11950","37378","37681","12.5754151051883"
"11951","37378","37682","12.5754151051883"
"11952","37378","37683","12.5754151051883"
"11953","37378","37684","12.5754151051883"
"11954","37384","37687","12.3369245940876"
"11955","37384","37688","12.3369245940876"
"11956","37384","37689","12.3369245940876"
"11957","37379","37690","12.8623273413923"
"11958","37194","37691","19.8601190003528"
"11959","37194","37692","19.8601190003528"
"11960","37194","37693","19.8601190003528"
"11961","37194","37694","19.8601190003528"
"11962","37194","37695","19.8601190003528"
"11963","37039","37696","26.2353688528151"
"11964","37131","37697","22.1855746483961"
"11965","37131","37698","22.1855746483961"
"11966","37131","37699","22.1855746483961"
"11967","37131","37700","22.1855746483961"
"11968","37131","37701","22.1855746483961"
"11969","37131","37702","22.1855746483961"
"11970","37428","37703","10.4927257382292"
"11971","37428","37704","10.4927257382292"
"11972","37428","37705","10.4927257382292"
"11973","37428","37706","10.4927257382292"
"11974","36309","37709","50.9309589558061"
"11975","37546","37710","5.69480822283504"
"11976","37341","37712","14.7662424455661"
"11977","37499","37713","8.57500563826488"
"11978","37499","37714","8.57500563826488"
"11979","37499","37715","8.57500563826488"
"11980","37499","37716","8.57500563826488"
"11981","37247","37718","19.0652764559027"
"11982","36737","37719","36.2310123320563"
"11983","35680","37720","76.5790994167769"
"11984","35680","37721","76.5790994167769"
"11985","35680","37722","76.5790994167769"
"11986","37342","37723","15.196676547379"
"11987","37342","37724","15.196676547379"
"11988","36811","37727","33.7807477558499"
"11989","37130","37728","23.033535154997"
"11990","37590","37729","5.13759210826993"
"11991","37590","37730","5.13759210826993"
"11992","37590","37731","5.13759210826993"
"11993","37261","37732","19.2872205547937"
"11994","37261","37733","19.2872205547937"
"11995","36449","37734","47.0936341229672"
"11996","37609","37735","4.43396932540827"
"11997","37609","37736","4.43396932540827"
"11998","35843","37737","71.5121673228277"
"11999","37171","37738","21.7831817500551"
"12000","37171","37739","21.7831817500551"
"12001","37405","37740","13.0092268452577"
"12002","37112","37741","24.1278778812812"
"12003","37641","37745","3.37682481263482"
"12004","37641","37746","3.37682481263482"
"12005","37641","37747","3.37682481263482"
"12006","37641","37748","3.37682481263482"
"12007","36654","37749","40.2631562775655"
"12008","36654","37750","40.2631562775655"
"12009","37560","37751","6.61558031970117"
"12010","37560","37752","6.61558031970117"
"12011","35749","37755","75.6987604000697"
"12012","35749","37756","75.6987604000697"
"12013","34188","37757","144.935815845428"
"12014","36496","37758","46.669106347937"
"12015","37143","37761","24.1151689020967"
"12016","37143","37762","24.1151689020967"
"12017","37574","37764","6.80499370956613"
"12018","37728","37771","1.50108645009004"
"12019","37728","37772","1.50108645009004"
"12020","37728","37773","1.50108645009004"
"12021","37728","37774","1.50108645009004"
"12022","37728","37775","1.50108645009004"
"12023","37728","37776","1.50108645009004"
"12024","37230","37777","21.5652773571401"
"12025","37050","37779","27.8647060470153"
"12026","37050","37780","27.8647060470153"
"12027","37050","37781","27.8647060470153"
"12028","37128","37786","25.2026468235199"
"12029","37128","37787","25.2026468235199"
"12030","37128","37788","25.2026468235199"
"12031","37128","37789","25.2026468235199"
"12032","37128","37790","25.2026468235199"
"12033","36060","37791","64.1431180681689"
"12034","37246","37792","21.6514240196097"
"12035","36928","37793","32.6310038222455"
"12036","36709","37797","40.1440378335192"
"12037","36709","37798","40.1440378335192"
"12038","35858","37799","73.3211133976752"
"12039","35858","37800","73.3211133976752"
"12040","35858","37801","73.3211133976752"
"12041","37051","37802","28.9176249627412"
"12042","37051","37803","28.9176249627412"
"12043","37051","37804","28.9176249627412"
"12044","37616","37805","7.19682100156024"
"12045","37616","37806","7.19682100156024"
"12046","37616","37807","7.19682100156024"
"12047","37288","37808","21.0510975307825"
"12048","37288","37809","21.0510975307825"
"12049","37288","37810","21.0510975307825"
"12050","37773","37819","1.82558335944759"
"12051","36931","37820","33.7336416911303"
"12052","37444","37822","14.2796610017895"
"12053","37444","37823","14.2796610017895"
"12054","37444","37824","14.2796610017895"
"12055","37228","37825","23.5890781050189"
"12056","36791","37827","38.684722872747"
"12057","35915","37828","72.5666880527897"
"12058","37689","37829","5.24213826673213"
"12059","37053","37830","30.2600181796533"
"12060","37221","37831","24.4181924584859"
"12061","37705","37834","5.22658093319569"
"12062","36830","37835","37.947428241182"
"12063","37416","37836","16.44224396558"
"12064","37498","37837","13.634074450169"
"12065","36813","37839","38.9202084330009"
"12066","36813","37840","38.9202084330009"
"12067","37684","37841","6.58039235819524"
"12068","37275","37842","23.5492431755069"
"12069","37758","37843","4.31374988333437"
"12070","37186","37846","26.3740018160856"
"12071","37186","37847","26.3740018160856"
"12072","37653","37848","7.42137956370152"
"12073","37653","37849","7.42137956370152"
"12074","36622","37857","46.8024854791361"
"12075","36622","37858","46.8024854791361"
"12076","37268","37863","24.552425609063"
"12077","37786","37864","3.76357155602273"
"12078","37786","37865","3.76357155602273"
"12079","37786","37866","3.76357155602273"
"12080","37558","37868","11.9144307027095"
"12081","37660","37869","7.94623976521825"
"12082","37534","37871","13.264129675516"
"12083","37534","37872","13.264129675516"
"12084","37534","37873","13.264129675516"
"12085","37252","37875","25.4727895246242"
"12086","37511","37876","14.813825717034"
"12087","37511","37877","14.813825717034"
"12088","36010","37878","69.9682246156167"
"12089","36010","37879","69.9682246156167"
"12090","37548","37880","12.3757104832821"
"12091","37704","37881","7.24468139429382"
"12092","37704","37882","7.24468139429382"
"12093","37408","37883","18.7862827443359"
"12094","37801","37884","3.92317415426896"
"12095","37801","37885","3.92317415426896"
"12096","37505","37887","15.5625625256466"
"12097","34707","37888","123.237424010524"
"12098","34707","37889","123.237424010524"
"12099","34707","37890","123.237424010524"
"12100","37741","37893","6.33594922223574"
"12101","37741","37894","6.33594922223574"
"12102","37741","37895","6.33594922223574"
"12103","37452","37896","17.4410347642879"
"12104","37779","37900","5.22563700562387"
"12105","37334","37902","23.0002847333349"
"12106","37494","37903","16.6356575771847"
"12107","37494","37904","16.6356575771847"
"12108","37703","37905","8.1017737264192"
"12109","37073","37906","32.690001533193"
"12110","36703","37911","45.8668934507195"
"12111","37132","37912","31.1916801818802"
"12112","37097","37915","32.4766951993624"
"12113","37544","37917","15.147857165688"
"12114","37691","37918","9.41378732063185"
"12115","37691","37919","9.41378732063185"
"12116","37691","37920","9.41378732063185"
"12117","37691","37921","9.41378732063185"
"12118","37691","37922","9.41378732063185"
"12119","37559","37923","14.4077135054504"
"12120","37173","37924","29.7783242742057"
"12121","37173","37925","29.7783242742057"
"12122","37173","37926","29.7783242742057"
"12123","37173","37927","29.7783242742057"
"12124","37585","37928","13.7468760273869"
"12125","37414","37930","20.9500184211597"
"12126","37654","37931","10.8189424217812"
"12127","37654","37932","10.8189424217812"
"12128","37583","37933","14.0905756814395"
"12129","37787","37937","7.48883074417154"
"12130","37787","37938","7.48883074417154"
"12131","37787","37939","7.48883074417154"
"12132","36831","37941","43.2225134492578"
"12133","37701","37944","10.6147553098817"
"12134","37701","37945","10.6147553098817"
"12135","37863","37946","4.06449398701716"
"12136","37863","37947","4.06449398701716"
"12137","37872","37948","3.77171616290207"
"12138","37695","37949","10.8420713307019"
"12139","37419","37950","21.4849034942054"
"12140","36429","37951","57.4823948949402"
"12141","36429","37952","57.4823948949402"
"12142","37696","37953","11.0479401956641"
"12143","37231","37955","30.0727467661386"
"12144","37415","37956","22.2176491905075"
"12145","37415","37957","22.2176491905075"
"12146","37415","37958","22.2176491905075"
"12147","37415","37959","22.2176491905075"
"12148","37478","37963","20.4737504162431"
"12149","37478","37964","20.4737504162431"
"12150","37359","37965","24.9290514385139"
"12151","37359","37966","24.9290514385139"
"12152","37359","37967","24.9290514385139"
"12153","36994","37973","39.0182551321168"
"12154","37613","37974","14.7527860788978"
"12155","37613","37975","14.7527860788978"
"12156","37917","37980","2.28997205223868"
"12157","37917","37981","2.28997205223868"
"12158","37819","37982","7.44233745829888"
"12159","37819","37983","7.44233745829888"
"12160","37757","37984","9.76754170717868"
"12161","37837","37985","6.345924567785"
"12162","37837","37986","6.345924567785"
"12163","37736","37990","10.6299610645915"
"12164","37876","37991","4.82397257952516"
"12165","37876","37992","4.82397257952516"
"12166","37338","37996","26.6322379350054"
"12167","37216","37997","31.3294778387231"
"12168","37216","37998","31.3294778387231"
"12169","37621","38000","14.8829883247081"
"12170","37621","38001","14.8829883247081"
"12171","37836","38002","6.80569657633669"
"12172","37370","38003","25.5851392167665"
"12173","37133","38004","34.3597076426049"
"12174","37133","38005","34.3597076426049"
"12175","37133","38006","34.3597076426049"
"12176","37142","38007","34.1924471469124"
"12177","37142","38008","34.1924471469124"
"12178","37142","38009","34.1924471469124"
"12179","37142","38010","34.1924471469124"
"12180","37142","38011","34.1924471469124"
"12181","37142","38012","34.1924471469124"
"12182","37266","38013","30.6498244503455"
"12183","37266","38014","30.6498244503455"
"12184","37822","38015","8.02004447668196"
"12185","37799","38016","9.00552010646015"
"12186","37606","38017","16.0828081818554"
"12187","36780","38018","47.4330938279954"
"12188","37537","38019","19.1217334286143"
"12189","37732","38020","12.1078879637162"
"12190","37732","38021","12.1078879637162"
"12191","36956","38022","41.6199709263747"
"12192","37490","38023","21.9378286486317"
"12193","37578","38026","17.9211678278698"
"12194","37578","38027","17.9211678278698"
"12195","37578","38028","17.9211678278698"
"12196","37234","38029","32.3930017217344"
"12197","37234","38030","32.3930017217344"
"12198","37234","38031","32.3930017217344"
"12199","37716","38032","13.070200806334"
"12200","36690","38033","50.7349917001675"
"12201","36690","38034","50.7349917001675"
"12202","36690","38035","50.7349917001675"
"12203","36690","38036","50.7349917001675"
"12204","36690","38037","50.7349917001675"
"12205","36690","38038","50.7349917001675"
"12206","36690","38039","50.7349917001675"
"12207","37776","38042","11.5292237446015"
"12208","37776","38043","11.5292237446015"
"12209","37776","38044","11.5292237446015"
"12210","38002","38047","1.7662452041568"
"12211","37865","38048","7.28894710632903"
"12212","37809","38051","10.059822266177"
"12213","37658","38052","15.2316911701537"
"12214","37658","38053","15.2316911701537"
"12215","37658","38054","15.2316911701537"
"12216","37658","38055","15.2316911701537"
"12217","36419","38056","61.3227124837758"
"12218","37459","38058","24.0752375783341"
"12219","37459","38059","24.0752375783341"
"12220","36757","38060","49.6145993529431"
"12221","36757","38061","49.6145993529431"
"12222","36757","38062","49.6145993529431"
"12223","37427","38064","25.3369895380179"
"12224","37427","38065","25.3369895380179"
"12225","37427","38066","25.3369895380179"
"12226","37427","38067","25.3369895380179"
"12227","37721","38068","14.5043218996361"
"12228","37721","38069","14.5043218996361"
"12229","37738","38070","13.7878443380737"
"12230","37719","38071","14.6021494385654"
"12231","37176","38072","35.619409518984"
"12232","37176","38073","35.619409518984"
"12233","36983","38074","42.7948094465387"
"12234","37477","38076","24.794799588597"
"12235","37477","38077","24.794799588597"
"12236","37267","38079","33.6258186765735"
"12237","37267","38080","33.6258186765735"
"12238","38007","38082","3.40244614761878"
"12239","37802","38085","12.1532879743313"
"12240","37802","38086","12.1532879743313"
"12241","37802","38087","12.1532879743313"
"12242","37915","38088","6.72067641888543"
"12243","37761","38089","13.8022369996706"
"12244","37761","38090","13.8022369996706"
"12245","37761","38091","13.8022369996706"
"12246","37797","38094","12.7174783283531"
"12247","37797","38095","12.7174783283531"
"12248","37797","38096","12.7174783283531"
"12249","37682","38097","16.7127419699236"
"12250","32255","38098","242.883697569585"
"12251","36634","38099","56.105825916804"
"12252","37828","38100","11.4124526762021"
"12253","37828","38101","11.4124526762021"
"12254","37828","38102","11.4124526762021"
"12255","37337","38105","31.3618221470397"
"12256","37337","38106","31.3618221470397"
"12257","37529","38107","23.023933888026"
"12258","37529","38108","23.023933888026"
"12259","37529","38109","23.023933888026"
"12260","37529","38110","23.023933888026"
"12261","37018","38111","43.3377098477335"
"12262","37018","38112","43.3377098477335"
"12263","37800","38117","13.3135043273001"
"12264","37522","38118","23.9056461932896"
"12265","35624","38119","94.9622348579619"
"12266","35624","38120","94.9622348579619"
"12267","37694","38121","17.2576331700875"
"12268","36129","38123","75.6518529947357"
"12269","36129","38124","75.6518529947357"
"12270","38016","38125","4.81086028271102"
"12271","37001","38127","44.5982518697356"
"12272","37001","38128","44.5982518697356"
"12273","37001","38129","44.5982518697356"
"12274","38033","38132","3.97842101292417"
"12275","37926","38133","8.20964525614318"
"12276","37926","38134","8.20964525614318"
"12277","37926","38135","8.20964525614318"
"12278","37926","38136","8.20964525614318"
"12279","38044","38138","3.7520402308669"
"12280","38044","38139","3.7520402308669"
"12281","36716","38140","54.1806010564351"
"12282","36716","38141","54.1806010564351"
"12283","36716","38142","54.1806010564351"
"12284","37188","38146","38.0235622544506"
"12285","38005","38147","5.70891617067628"
"12286","38005","38148","5.70891617067628"
"12287","37106","38150","40.8861426969834"
"12288","37106","38151","40.8861426969834"
"12289","37106","38152","40.8861426969834"
"12290","37106","38153","40.8861426969834"
"12291","37106","38154","40.8861426969834"
"12292","37106","38155","40.8861426969834"
"12293","37106","38156","40.8861426969834"
"12294","37106","38157","40.8861426969834"
"12295","37847","38158","11.8318128592277"
"12296","37847","38159","11.8318128592277"
"12297","38011","38160","5.84787110750858"
"12298","36504","38161","62.8031194630962"
"12299","37885","38163","11.1589999421431"
"12300","37885","38164","11.1589999421431"
"12301","37880","38165","11.4528407442372"
"12302","37893","38166","11.0074517417102"
"12303","37893","38167","11.0074517417102"
"12304","37893","38168","11.0074517417102"
"12305","37893","38169","11.0074517417102"
"12306","37002","38170","45.9573858141348"
"12307","37066","38181","43.7612142923945"
"12308","37066","38182","43.7612142923945"
"12309","37946","38186","8.74290130994495"
"12310","37344","38187","33.8824248875321"
"12311","37344","38188","33.8824248875321"
"12312","37344","38189","33.8824248875321"
"12313","37748","38190","18.0815069989007"
"12314","37748","38191","18.0815069989007"
"12315","37748","38192","18.0815069989007"
"12316","38060","38193","4.84226322921631"
"12317","36877","38200","51.0453168432059"
"12318","36877","38201","51.0453168432059"
"12319","37671","38202","20.7932062375598"
"12320","37671","38203","20.7932062375598"
"12321","37671","38204","20.7932062375598"
"12322","37656","38205","21.2141377394942"
"12323","37443","38206","29.9748326557292"
"12324","37620","38208","23.3074099884075"
"12325","37620","38209","23.3074099884075"
"12326","37620","38210","23.3074099884075"
"12327","37839","38211","14.4833907888051"
"12328","38021","38212","7.47878729841887"
"12329","38021","38213","7.47878729841887"
"12330","38021","38214","7.47878729841887"
"12331","36662","38215","59.2488539005758"
"12332","37729","38216","19.8451864528074"
"12333","37729","38217","19.8451864528074"
"12334","37729","38218","19.8451864528074"
"12335","37729","38219","19.8451864528074"
"12336","37486","38224","29.79309346745"
"12337","37486","38225","29.79309346745"
"12338","37486","38226","29.79309346745"
"12339","37486","38227","29.79309346745"
"12340","37486","38228","29.79309346745"
"12341","37486","38229","29.79309346745"
"12342","36620","38230","61.5795253754823"
"12343","36620","38231","61.5795253754823"
"12344","36620","38232","61.5795253754823"
"12345","36507","38233","65.3055010007192"
"12346","37727","38234","20.8918589079331"
"12347","37727","38235","20.8918589079331"
"12348","37727","38236","20.8918589079331"
"12349","37727","38237","20.8918589079331"
"12350","37727","38238","20.8918589079331"
"12351","36110","38239","80.9979341806952"
"12352","36110","38240","80.9979341806952"
"12353","36110","38241","80.9979341806952"
"12354","36110","38242","80.9979341806952"
"12355","36110","38243","80.9979341806952"
"12356","38181","38244","2.72742041026186"
"12357","38181","38245","2.72742041026186"
"12358","38181","38246","2.72742041026186"
"12359","38181","38247","2.72742041026186"
"12360","38056","38249","7.35436457161359"
"12361","38056","38250","7.35436457161359"
"12362","38055","38251","7.68653032355223"
"12363","36721","38252","58.1859979515007"
"12364","38037","38253","8.35300924033663"
"12365","38037","38254","8.35300924033663"
"12366","37612","38257","25.2061946687832"
"12367","38155","38258","4.00312131172905"
"12368","38155","38259","4.00312131172905"
"12369","37189","38260","42.2911941416055"
"12370","37094","38261","45.6304770902821"
"12371","38209","38262","2.08330878970446"
"12372","38031","38263","9.01283936981872"
"12373","37790","38265","19.6689879949095"
"12374","37790","38266","19.6689879949095"
"12375","37251","38268","41.3004797587978"
"12376","37958","38269","11.7470565970689"
"12377","37958","38270","11.7470565970689"
"12378","37958","38271","11.7470565970689"
"12379","37958","38272","11.7470565970689"
"12380","37958","38273","11.7470565970689"
"12381","37958","38274","11.7470565970689"
"12382","37878","38275","15.7573590218312"
"12383","37878","38276","15.7573590218312"
"12384","36941","38278","51.821268143593"
"12385","36941","38279","51.821268143593"
"12386","36941","38280","51.821268143593"
"12387","37807","38281","18.9767882036235"
"12388","38132","38284","5.64833366069934"
"12389","38132","38285","5.64833366069934"
"12390","37632","38286","25.4265884714528"
"12391","37632","38287","25.4265884714528"
"12392","37632","38288","25.4265884714528"
"12393","37877","38289","16.5206835203826"
"12394","37877","38290","16.5206835203826"
"12395","37877","38291","16.5206835203826"
"12396","37877","38292","16.5206835203826"
"12397","37986","38293","11.9688603732839"
"12398","38090","38295","7.62329900442137"
"12399","37488","38297","32.3308159041467"
"12400","37488","38298","32.3308159041467"
"12401","37343","38299","38.2535621167654"
"12402","38069","38304","8.92807675663425"
"12403","38023","38307","10.9221065775259"
"12404","38023","38308","10.9221065775259"
"12405","37998","38309","12.3103739077869"
"12406","37547","38310","29.7619397126123"
"12407","38094","38311","8.10814210352828"
"12408","38094","38312","8.10814210352828"
"12409","38094","38313","8.10814210352828"
"12410","37805","38314","20.3710854294541"
"12411","37502","38315","32.4244424067238"
"12412","37502","38316","32.4244424067238"
"12413","37502","38317","32.4244424067238"
"12414","37331","38318","39.6471640141954"
"12415","37699","38319","24.6395223138675"
"12416","37536","38320","30.7638537828229"
"12417","37536","38321","30.7638537828229"
"12418","37536","38322","30.7638537828229"
"12419","37536","38323","30.7638537828229"
"12420","36833","38324","57.3784546652005"
"12421","36833","38325","57.3784546652005"
"12422","36713","38326","61.3291858471221"
"12423","36713","38327","61.3291858471221"
"12424","37286","38328","41.8487001959629"
"12425","37286","38329","41.8487001959629"
"12426","38167","38331","6.18698847830547"
"12427","37426","38333","35.3949025916709"
"12428","37426","38334","35.3949025916709"
"12429","38061","38340","10.2977561689627"
"12430","37500","38341","33.3057481056121"
"12431","37500","38342","33.3057481056121"
"12432","38253","38346","3.32485376167915"
"12433","38253","38347","3.32485376167915"
"12434","37633","38348","27.4868009499455"
"12435","37633","38349","27.4868009499455"
"12436","38246","38353","3.69280536561564"
"12437","38229","38354","4.35286724161324"
"12438","38229","38355","4.35286724161324"
"12439","38229","38356","4.35286724161324"
"12440","37911","38359","16.7738865233428"
"12441","38120","38360","8.6692423252166"
"12442","38120","38361","8.6692423252166"
"12443","38120","38362","8.6692423252166"
"12444","37610","38365","29.4552626938248"
"12445","37610","38366","29.4552626938248"
"12446","37930","38367","16.4852328897582"
"12447","38133","38368","8.63145466875585"
"12448","38133","38369","8.63145466875585"
"12449","38133","38370","8.63145466875585"
"12450","37912","38371","17.2495580253062"
"12451","37945","38372","15.9573377710431"
"12452","36970","38373","54.5763807055373"
"12453","38205","38374","6.68897673124229"
"12454","38258","38375","4.8553814754041"
"12455","38258","38376","4.8553814754041"
"12456","37834","38377","21.6623127532134"
"12457","38036","38378","13.3778383443796"
"12458","37640","38379","28.9065341918413"
"12459","38241","38387","5.30330996428665"
"12460","38218","38392","6.61569047142257"
"12461","37062","38393","52.1721842159577"
"12462","37062","38394","52.1721842159577"
"12463","37062","38395","52.1721842159577"
"12464","37921","38397","18.3692423329553"
"12465","37921","38398","18.3692423329553"
"12466","37921","38399","18.3692423329553"
"12467","37921","38400","18.3692423329553"
"12468","37313","38401","43.4670930653533"
"12469","38028","38406","14.574232377478"
"12470","38028","38407","14.574232377478"
"12471","38028","38408","14.574232377478"
"12472","37739","38409","26.7100741048494"
"12473","37903","38410","19.9894694146301"
"12474","37903","38411","19.9894694146301"
"12475","37746","38412","26.6088930566011"
"12476","37746","38413","26.6088930566011"
"12477","38110","38414","11.51662182881"
"12478","38353","38419","2.66423393842069"
"12479","38353","38420","2.66423393842069"
"12480","38261","38421","5.85631359958506"
"12481","38261","38422","5.85631359958506"
"12482","36695","38423","65.4467412499944"
"12483","38153","38427","10.424452373687"
"12484","38106","38428","11.9123242623282"
"12485","38106","38429","11.9123242623282"
"12486","38119","38433","11.5339807533724"
"12487","37888","38434","20.9714464252188"
"12488","38289","38435","5.12746460548533"
"12489","38230","38436","7.38825491658963"
"12490","38079","38438","13.1951324805405"
"12491","38079","38439","13.1951324805405"
"12492","37990","38441","17.0290939812371"
"12493","38087","38442","13.1431653024324"
"12494","34168","38447","173.525286673182"
"12495","37680","38448","29.662479019712"
"12496","37680","38449","29.662479019712"
"12497","37956","38451","18.1434351152889"
"12498","37587","38452","33.5582278460697"
"12499","37455","38454","38.9076349032698"
"12500","38039","38455","15.9037943745739"
"12501","38323","38457","4.9687075016227"
"12502","38323","38458","4.9687075016227"
"12503","38123","38459","12.3156754697084"
"12504","38123","38460","12.3156754697084"
"12505","38156","38465","12.0306349985626"
"12506","37349","38466","44.5118543805111"
"12507","37349","38467","44.5118543805111"
"12508","37900","38468","22.409219819478"
"12509","37900","38469","22.409219819478"
"12510","37900","38470","22.409219819478"
"12511","37750","38472","28.8557287632079"
"12512","38362","38474","4.72182224252037"
"12513","38276","38475","7.57219670783843"
"12514","38276","38476","7.57219670783843"
"12515","38272","38477","7.66592507831092"
"12516","38272","38478","7.66592507831092"
"12517","38272","38479","7.66592507831092"
"12518","37771","38484","28.3290292268189"
"12519","37771","38485","28.3290292268189"
"12520","37254","38487","49.1737927343479"
"12521","38412","38488","2.78182498279966"
"12522","37792","38492","28.1216648421223"
"12523","38010","38493","18.8964224386527"
"12524","38010","38494","18.8964224386527"
"12525","37904","38495","23.178417779468"
"12526","37904","38496","23.178417779468"
"12527","37904","38497","23.178417779468"
"12528","37904","38498","23.178417779468"
"12529","38315","38499","6.84746722416321"
"12530","38219","38501","10.5358579245672"
"12531","38219","38502","10.5358579245672"
"12532","38219","38503","10.5358579245672"
"12533","38367","38507","5.31557249275465"
"12534","38367","38508","5.31557249275465"
"12535","37980","38509","20.0260207787151"
"12536","37980","38510","20.0260207787151"
"12537","38387","38511","4.69197656889719"
"12538","38387","38512","4.69197656889719"
"12539","38098","38513","15.5759904113861"
"12540","35136","38514","131.360758149908"
"12541","35136","38515","131.360758149908"
"12542","37889","38516","24.6211619471064"
"12543","37889","38517","24.6211619471064"
"12544","38089","38522","16.3644423849978"
"12545","38089","38523","16.3644423849978"
"12546","37236","38524","51.2660021890647"
"12547","38018","38525","19.4660404308743"
"12548","38018","38526","19.4660404308743"
"12549","38018","38527","19.4660404308743"
"12550","38018","38528","19.4660404308743"
"12551","38290","38530","9.13237805071549"
"12552","38142","38531","14.892111525096"
"12553","38142","38532","14.892111525096"
"12554","38168","38533","14.0635945832091"
"12555","37642","38534","34.6560391540302"
"12556","37642","38535","34.6560391540302"
"12557","38326","38536","8.12103197511533"
"12558","38361","38537","7.20130667373451"
"12559","38361","38538","7.20130667373451"
"12560","38169","38539","14.3455717424108"
"12561","37109","38540","55.8909226543551"
"12562","37109","38541","55.8909226543551"
"12563","38224","38542","11.9321783195373"
"12564","38074","38543","17.9216700360912"
"12565","38074","38544","17.9216700360912"
"12566","38074","38545","17.9216700360912"
"12567","38262","38550","10.8482507786616"
"12568","38249","38560","11.7389717042665"
"12569","38477","38561","3.20635038669161"
"12570","37555","38562","38.9233524433389"
"12571","37555","38563","38.9233524433389"
"12572","37992","38565","22.3471779052566"
"12573","37992","38566","22.3471779052566"
"12574","37115","38567","56.7748068317319"
"12575","38266","38568","11.6723521790882"
"12576","38112","38569","17.9025106237141"
"12577","38112","38570","17.9025106237141"
"12578","38112","38571","17.9025106237141"
"12579","38200","38574","14.8031769468462"
"12580","38200","38575","14.8031769468462"
"12581","38200","38576","14.8031769468462"
"12582","37683","38577","35.207313445087"
"12583","37683","38578","35.207313445087"
"12584","37683","38579","35.207313445087"
"12585","37683","38580","35.207313445087"
"12586","38134","38581","17.3409556105998"
"12587","37869","38582","28.0168612673456"
"12588","38243","38583","13.2157975481396"
"12589","37774","38588","33.0378277590653"
"12590","37519","38589","42.9729160920333"
"12591","38442","38590","6.56515802900503"
"12592","38442","38591","6.56515802900503"
"12593","38442","38592","6.56515802900503"
"12594","38442","38593","6.56515802900503"
"12595","37866","38594","28.9104637422283"
"12596","37866","38595","28.9104637422283"
"12597","38399","38596","7.91707527047402"
"12598","38399","38597","7.91707527047402"
"12599","38309","38599","11.4616036567527"
"12600","37122","38601","58.1747482876217"
"12601","37122","38602","58.1747482876217"
"12602","37122","38603","58.1747482876217"
"12603","37122","38604","58.1747482876217"
"12604","37122","38605","58.1747482876217"
"12605","37122","38606","58.1747482876217"
"12606","36004","38607","98.9257942645891"
"12607","38163","38608","17.2380194913467"
"12608","38310","38609","11.5506040991995"
"12609","37550","38610","41.1178929994744"
"12610","37550","38611","41.1178929994744"
"12611","37550","38612","41.1178929994744"
"12612","37550","38613","41.1178929994744"
"12613","37550","38614","41.1178929994744"
"12614","38469","38615","5.79148716071404"
"12615","38469","38616","5.79148716071404"
"12616","37442","38617","46.0474458770982"
"12617","37442","38618","46.0474458770982"
"12618","37442","38619","46.0474458770982"
"12619","38006","38628","24.4121516912878"
"12620","38235","38629","15.1348614079852"
"12621","38095","38630","20.6083450650385"
"12622","38095","38631","20.6083450650385"
"12623","38095","38632","20.6083450650385"
"12624","37604","38633","40.4775314640742"
"12625","37604","38634","40.4775314640742"
"12626","37604","38635","40.4775314640742"
"12627","38236","38636","15.2170106665703"
"12628","38236","38637","15.2170106665703"
"12629","38236","38638","15.2170106665703"
"12630","37830","38639","31.9269917614097"
"12631","37830","38640","31.9269917614097"
"12632","38438","38641","8.34966088560486"
"12633","37562","38642","42.2436037502198"
"12634","37562","38643","42.2436037502198"
"12635","37562","38644","42.2436037502198"
"12636","37562","38645","42.2436037502198"
"12637","37598","38646","41.4170555297505"
"12638","37825","38647","32.8647511521795"
"12639","38525","38648","4.90636893798455"
"12640","36911","38649","67.6045668876554"
"12641","38101","38652","21.3981269397987"
"12642","38328","38653","13.0656519492586"
"12643","38465","38654","7.80870993722465"
"12644","38465","38655","7.80870993722465"
"12645","38465","38656","7.80870993722465"
"12646","38465","38657","7.80870993722465"
"12647","38465","38658","7.80870993722465"
"12648","38465","38659","7.80870993722465"
"12649","38000","38660","25.8293063026754"
"12650","38000","38661","25.8293063026754"
"12651","38429","38664","9.65143374879472"
"12652","38429","38665","9.65143374879472"
"12653","37806","38666","34.1215103677564"
"12654","37806","38667","34.1215103677564"
"12655","37806","38668","34.1215103677564"
"12656","37806","38669","34.1215103677564"
"12657","37806","38670","34.1215103677564"
"12658","38141","38671","20.3677448861881"
"12659","38141","38672","20.3677448861881"
"12660","38141","38673","20.3677448861881"
"12661","38268","38674","15.3711572992815"
"12662","38268","38675","15.3711572992815"
"12663","38268","38676","15.3711572992815"
"12664","37906","38677","29.8226167532584"
"12665","37906","38678","29.8226167532584"
"12666","37906","38679","29.8226167532584"
"12667","37906","38680","29.8226167532584"
"12668","37906","38681","29.8226167532584"
"12669","37906","38682","29.8226167532584"
"12670","37906","38683","29.8226167532584"
"12671","37292","38686","55.14192012272"
"12672","37292","38687","55.14192012272"
"12673","38395","38688","11.1501524742371"
"12674","38475","38691","8.50026036744703"
"12675","32872","38692","237.048815703784"
"12676","36391","38693","86.7228729292206"
"12677","36391","38694","86.7228729292206"
"12678","38527","38695","6.59403515609256"
"12679","38527","38696","6.59403515609256"
"12680","38569","38698","4.67658375604424"
"12681","38569","38699","4.67658375604424"
"12682","38569","38700","4.67658375604424"
"12683","38569","38701","4.67658375604424"
"12684","38457","38703","9.61618359961176"
"12685","38457","38704","9.61618359961176"
"12686","37648","38705","40.876466758868"
"12687","37648","38706","40.876466758868"
"12688","38466","38707","9.06872834591786"
"12689","38466","38708","9.06872834591786"
"12690","38466","38709","9.06872834591786"
"12691","38355","38710","13.8932267305859"
"12692","38355","38711","13.8932267305859"
"12693","37424","38712","49.9919215248246"
"12694","37424","38713","49.9919215248246"
"12695","37424","38714","49.9919215248246"
"12696","37424","38715","49.9919215248246"
"12697","34535","38716","164.635988132769"
"12698","37952","38717","28.9494768360014"
"12699","38233","38718","18.4386842045392"
"12700","38533","38720","7.32949399555901"
"12701","38533","38721","7.32949399555901"
"12702","38533","38722","7.32949399555901"
"12703","38533","38723","7.32949399555901"
"12704","38001","38724","28.0247652084886"
"12705","38001","38725","28.0247652084886"
"12706","38001","38726","28.0247652084886"
"12707","38293","38727","16.582503741789"
"12708","37279","38728","57.6353980443555"
"12709","37279","38729","57.6353980443555"
"12710","38628","38730","3.64788480037714"
"12711","36321","38731","90.4292591614144"
"12712","36321","38732","90.4292591614144"
"12713","36321","38733","90.4292591614144"
"12714","36321","38734","90.4292591614144"
"12715","37966","38735","29.1924738166936"
"12716","37966","38736","29.1924738166936"
"12717","37966","38737","29.1924738166936"
"12718","37966","38738","29.1924738166936"
"12719","38285","38739","17.2700008635275"
"12720","38285","38740","17.2700008635275"
"12721","38313","38741","16.1460730141562"
"12722","38313","38742","16.1460730141562"
"12723","38026","38743","27.0997235402269"
"12724","36542","38744","83.936635095733"
"12725","38161","38745","22.576499279553"
"12726","37937","38746","30.7426091653729"
"12727","38238","38747","19.5049629935643"
"12728","38238","38748","19.5049629935643"
"12729","38238","38749","19.5049629935643"
"12730","38238","38750","19.5049629935643"
"12731","38238","38751","19.5049629935643"
"12732","38331","38752","16.3357514142458"
"12733","38373","38759","14.7861269994132"
"12734","38226","38760","20.2899402401085"
"12735","38226","38761","20.2899402401085"
"12736","37996","38762","29.6172191087517"
"12737","38468","38763","11.4170617228428"
"12738","38509","38764","10.2392813874071"
"12739","38509","38765","10.2392813874071"
"12740","38509","38766","10.2392813874071"
"12741","38509","38767","10.2392813874071"
"12742","36260","38768","94.9982271854237"
"12743","38711","38769","2.49197433376867"
"12744","38711","38770","2.49197433376867"
"12745","38711","38771","2.49197433376867"
"12746","38711","38772","2.49197433376867"
"12747","38280","38773","19.0032475104663"
"12748","37306","38774","58.0923589758263"
"12749","38512","38775","10.3960146521572"
"12750","38314","38777","18.0411603948319"
"12751","38314","38778","18.0411603948319"
"12752","38314","38779","18.0411603948319"
"12753","38406","38780","14.4638674295215"
"12754","38406","38781","14.4638674295215"
"12755","38366","38782","16.2974974592207"
"12756","37072","38783","67.0421494486964"
"12757","37072","38784","67.0421494486964"
"12758","37905","38788","34.711540692681"
"12759","37905","38789","34.711540692681"
"12760","37905","38790","34.711540692681"
"12761","38346","38791","17.6698497568009"
"12762","38523","38792","10.5377694943268"
"12763","38394","38793","15.5266847765483"
"12764","38595","38798","7.59455614501985"
"12765","38595","38799","7.59455614501985"
"12766","38592","38803","8.05692223803271"
"12767","38592","38804","8.05692223803271"
"12768","37848","38806","37.4041951783147"
"12769","37848","38807","37.4041951783147"
"12770","38637","38808","6.88767850573413"
"12771","38125","38810","26.5157228074286"
"12772","38125","38811","26.5157228074286"
"12773","38329","38812","19.2086630743552"
"12774","38329","38813","19.2086630743552"
"12775","38718","38816","4.32236168404143"
"12776","38497","38819","13.0961151446218"
"12777","38497","38820","13.0961151446218"
"12778","37762","38821","42.1701642516609"
"12779","37762","38822","42.1701642516609"
"12780","38599","38824","8.85996861218564"
"12781","38599","38825","8.85996861218564"
"12782","38599","38826","8.85996861218564"
"12783","38599","38827","8.85996861218564"
"12784","38599","38828","8.85996861218564"
"12785","38599","38829","8.85996861218564"
"12786","38654","38830","6.80354256257669"
"12787","37808","38831","40.6665327844603"
"12788","38695","38834","5.80189486747531"
"12789","38190","38836","25.4144133740538"
"12790","38190","38837","25.4144133740538"
"12791","38190","38838","25.4144133740538"
"12792","38287","38839","21.7615319668798"
"12793","38072","38840","29.8626497395635"
"12794","38632","38841","8.35176027475791"
"12795","38745","38844","4.46165446483019"
"12796","38716","38845","5.56177526099327"
"12797","37894","38846","37.615126024938"
"12798","37894","38847","37.615126024938"
"12799","37894","38848","37.615126024938"
"12800","37894","38849","37.615126024938"
"12801","38259","38853","23.2931060707047"
"12802","38687","38855","7.14652591949698"
"12803","38701","38856","6.32024098269994"
"12804","38781","38862","3.39593043018112"
"12805","38781","38863","3.39593043018112"
"12806","38781","38864","3.39593043018112"
"12807","38781","38865","3.39593043018112"
"12808","38781","38866","3.39593043018112"
"12809","38781","38867","3.39593043018112"
"12810","38681","38868","7.71443890468936"
"12811","38732","38869","5.63499780749726"
"12812","38732","38870","5.63499780749726"
"12813","38694","38871","7.02396731181852"
"12814","38694","38872","7.02396731181852"
"12815","38606","38873","10.2879378958446"
"12816","38606","38874","10.2879378958446"
"12817","38634","38875","9.31062222055971"
"12818","38642","38876","8.89875206132228"
"12819","38642","38877","8.89875206132228"
"12820","38642","38878","8.89875206132228"
"12821","38260","38879","24.146152063734"
"12822","38691","38881","7.4556602801822"
"12823","38691","38882","7.4556602801822"
"12824","38575","38883","11.8078041379918"
"12825","38058","38884","32.0275658544565"
"12826","38058","38885","32.0275658544565"
"12827","38058","38886","32.0275658544565"
"12828","38058","38887","32.0275658544565"
"12829","38058","38888","32.0275658544565"
"12830","38058","38889","32.0275658544565"
"12831","38354","38893","21.1455061694396"
"12832","38354","38894","21.1455061694396"
"12833","38354","38895","21.1455061694396"
"12834","38454","38896","17.2959549167308"
"12835","38454","38897","17.2959549167308"
"12836","38454","38898","17.2959549167308"
"12837","38214","38899","26.22875527011"
"12838","38214","38900","26.22875527011"
"12839","38214","38901","26.22875527011"
"12840","38214","38902","26.22875527011"
"12841","38214","38903","26.22875527011"
"12842","37919","38904","37.4358564127997"
"12843","37919","38905","37.4358564127997"
"12844","37919","38906","37.4358564127997"
"12845","38377","38908","19.9740331362973"
"12846","38507","38909","15.4107344498357"
"12847","38636","38910","10.1351503059877"
"12848","38649","38916","9.62012285274341"
"12849","38601","38917","11.3460555094821"
"12850","38601","38918","11.3460555094821"
"12851","38601","38919","11.3460555094821"
"12852","38601","38920","11.3460555094821"
"12853","38561","38921","13.5420542919669"
"12854","38723","38930","7.33096845274486"
"12855","38830","38931","2.73920315702753"
"12856","38376","38932","20.5493504136648"
"12857","38376","38933","20.5493504136648"
"12858","38376","38934","20.5493504136648"
"12859","38721","38935","7.38487583785627"
"12860","38448","38936","18.2588952877954"
"12861","38210","38937","27.2504492249227"
"12862","38210","38938","27.2504492249227"
"12863","38210","38939","27.2504492249227"
"12864","38792","38940","4.72419243543436"
"12865","38792","38941","4.72419243543436"
"12866","38720","38942","7.74127003746662"
"12867","36012","38944","110.673156643695"
"12868","38502","38945","16.7173015453036"
"12869","38263","38946","25.5456482911836"
"12870","38263","38947","25.5456482911836"
"12871","38409","38954","20.140843733735"
"12872","38409","38955","20.140843733735"
"12873","38409","38956","20.140843733735"
"12874","37895","38957","40.5476325429831"
"12875","37895","38958","40.5476325429831"
"12876","38700","38960","9.10951361637945"
"12877","38146","38965","30.5308665756406"
"12878","38731","38967","8.3797419005864"
"12879","37983","38968","37.1440599080242"
"12880","37983","38969","37.1440599080242"
"12881","37890","38973","41.3117996845558"
"12882","37890","38974","41.3117996845558"
"12883","38789","38975","6.13313141904473"
"12884","38576","38976","14.2672656747072"
"12885","38576","38977","14.2672656747072"
"12886","38617","38979","13.0091205057215"
"12887","38009","38980","36.857289556574"
"12888","38652","38981","11.4919247326002"
"12889","38675","38985","11.2656303405611"
"12890","38297","38986","25.7610706985793"
"12891","38297","38987","25.7610706985793"
"12892","36484","38988","94.6595839705337"
"12893","36484","38989","94.6595839705337"
"12894","38770","38992","7.61261706687628"
"12895","38439","38993","20.7927894409108"
"12896","38439","38994","20.7927894409108"
"12897","38439","38995","20.7927894409108"
"12898","38439","38996","20.7927894409108"
"12899","38439","38997","20.7927894409108"
"12900","38734","39000","9.35738121875102"
"12901","38734","39001","9.35738121875102"
"12902","38734","39002","9.35738121875102"
"12903","38734","39003","9.35738121875102"
"12904","38479","39004","19.3594032597703"
"12905","38705","39005","10.919759970825"
"12906","38705","39006","10.919759970825"
"12907","38265","39010","27.6947610615944"
"12908","38493","39012","19.3497781676242"
"12909","38493","39013","19.3497781676242"
"12910","38493","39014","19.3497781676242"
"12911","38878","39016","4.59888491366019"
"12912","38252","39018","28.9839600758933"
"12913","38485","39019","20.2867997950157"
"12914","38535","39022","18.3409249071888"
"12915","38535","39023","18.3409249071888"
"12916","38920","39024","4.03277282597082"
"12917","38410","39025","23.186694159851"
"12918","38707","39026","11.9357227825976"
"12919","38121","39027","34.1327219351597"
"12920","38121","39028","34.1327219351597"
"12921","38121","39029","34.1327219351597"
"12922","38121","39030","34.1327219351597"
"12923","38295","39031","27.6674082339136"
"12924","38730","39032","11.0342966276348"
"12925","38730","39033","11.0342966276348"
"12926","38730","39034","11.0342966276348"
"12927","38534","39036","18.6039812422846"
"12928","36891","39037","82.0786923501159"
"12929","38779","39038","9.18291521960282"
"12930","38819","39040","7.38246507552094"
"12931","37688","39041","51.9234919664996"
"12932","36873","39045","83.1995970812777"
"12933","38531","39046","19.5888616017751"
"12934","38531","39047","19.5888616017751"
"12935","38531","39048","19.5888616017751"
"12936","38157","39049","34.2503496762661"
"12937","38165","39050","33.720631771997"
"12938","38077","39051","36.8139517370023"
"12939","38077","39052","36.8139517370023"
"12940","38863","39053","6.49729862899267"
"12941","37846","39054","46.1665447302703"
"12942","37846","39055","46.1665447302703"
"12943","38105","39057","36.0114643268121"
"12944","38054","39059","38.454671885374"
"12945","38919","39060","5.44933727295802"
"12946","38919","39061","5.44933727295802"
"12947","38299","39062","28.9208075371507"
"12948","38746","39067","11.784095472125"
"12949","38746","39068","11.784095472125"
"12950","37939","39069","42.5755413400811"
"12951","38334","39070","28.1232455050526"
"12952","38334","39071","28.1232455050526"
"12953","38803","39072","9.47651451227193"
"12954","37871","39074","46.2641536760466"
"12955","37871","39075","46.2641536760466"
"12956","38708","39076","13.969786583184"
"12957","38708","39077","13.969786583184"
"12958","35192","39078","150.055535979508"
"12959","35192","39079","150.055535979508"
"12960","38392","39080","26.1305680295104"
"12961","38392","39081","26.1305680295104"
"12962","38392","39082","26.1305680295104"
"12963","38392","39083","26.1305680295104"
"12964","38392","39084","26.1305680295104"
"12965","38392","39085","26.1305680295104"
"12966","38392","39086","26.1305680295104"
"12967","38954","39087","5.37543660885012"
"12968","38954","39088","5.37543660885012"
"12969","38954","39089","5.37543660885012"
"12970","38783","39090","11.0149778204609"
"12971","38783","39091","11.0149778204609"
"12972","38783","39092","11.0149778204609"
"12973","38783","39093","11.0149778204609"
"12974","38577","39094","18.8604119491156"
"12975","38577","39095","18.8604119491156"
"12976","38577","39096","18.8604119491156"
"12977","38577","39097","18.8604119491156"
"12978","38933","39098","6.23828361007645"
"12979","38693","39100","14.7699514907176"
"12980","38667","39101","15.7937005149142"
"12981","38667","39102","15.7937005149142"
"12982","37508","39103","61.7911117385506"
"12983","37508","39104","61.7911117385506"
"12984","37508","39105","61.7911117385506"
"12985","37508","39106","61.7911117385506"
"12986","38411","39107","25.9117417975103"
"12987","38411","39108","25.9117417975103"
"12988","38411","39109","25.9117417975103"
"12989","38340","39110","28.9638661346453"
"12990","38340","39111","28.9638661346453"
"12991","38340","39112","28.9638661346453"
"12992","38340","39113","28.9638661346453"
"12993","38340","39114","28.9638661346453"
"12994","38340","39115","28.9638661346453"
"12995","38340","39116","28.9638661346453"
"12996","38460","39118","24.4652193183865"
"12997","38460","39119","24.4652193183865"
"12998","35563","39120","134.79924309023"
"12999","38279","39121","31.2080269875205"
"13000","38986","39122","4.69148718564384"
"13001","38986","39123","4.69148718564384"
"13002","35415","39124","141.259868436061"
"13003","39038","39125","2.68650478162499"
"13004","39038","39126","2.68650478162499"
"13005","38567","39128","20.1829410100254"
"13006","38225","39130","33.372442532971"
"13007","38672","39131","16.5527360923729"
"13008","38672","39132","16.5527360923729"
"13009","38706","39133","15.5303406077423"
"13010","38706","39134","15.5303406077423"
"13011","37858","39137","48.2573721142935"
"13012","35643","39138","131.848114337488"
"13013","35643","39139","131.848114337488"
"13014","37881","39140","47.7096587979304"
"13015","37881","39141","47.7096587979304"
"13016","37881","39142","47.7096587979304"
"13017","37881","39143","47.7096587979304"
"13018","37881","39144","47.7096587979304"
"13019","38956","39147","7.05398190849655"
"13020","38806","39154","11.8158990873885"
"13021","38806","39155","11.8158990873885"
"13022","38806","39156","11.8158990873885"
"13023","38580","39157","20.8637789503077"
"13024","38580","39158","20.8637789503077"
"13025","38580","39159","20.8637789503077"
"13026","38580","39160","20.8637789503077"
"13027","39111","39161","1.61419621164441"
"13028","39111","39162","1.61419621164441"
"13029","39053","39164","3.40565274416758"
"13030","39053","39165","3.40565274416758"
"13031","39053","39166","3.40565274416758"
"13032","39053","39167","3.40565274416758"
"13033","39053","39168","3.40565274416758"
"13034","38855","39169","10.3371543240801"
"13035","38644","39170","18.6332806429346"
"13036","38644","39171","18.6332806429346"
"13037","38537","39172","23.1536274730138"
"13038","38646","39174","18.8212609593093"
"13039","38646","39175","18.8212609593093"
"13040","38853","39176","10.793535950404"
"13041","38853","39177","10.793535950404"
"13042","38581","39178","21.4701448241685"
"13043","38581","39179","21.4701448241685"
"13044","38581","39180","21.4701448241685"
"13045","39018","39181","5.63904334443077"
"13046","39018","39182","5.63904334443077"
"13047","38274","39183","33.7887086098008"
"13048","38589","39184","21.1119797194333"
"13049","38589","39185","21.1119797194333"
"13050","38012","39186","44.3680743232926"
"13051","38012","39187","44.3680743232926"
"13052","37780","39188","54.0586106741316"
"13053","38738","39189","16.3283583134767"
"13054","38517","39190","24.5489260490731"
"13055","39074","39191","3.62900372697823"
"13056","39074","39192","3.62900372697823"
"13057","38827","39193","12.4434527631229"
"13058","38827","39194","12.4434527631229"
"13059","38052","39196","42.9741071488302"
"13060","38727","39197","16.9570986395011"
"13061","38872","39198","11.1306604088381"
"13062","38872","39199","11.1306604088381"
"13063","38872","39200","11.1306604088381"
"13064","38872","39201","11.1306604088381"
"13065","38872","39202","11.1306604088381"
"13066","38872","39203","11.1306604088381"
"13067","38872","39204","11.1306604088381"
"13068","38872","39205","11.1306604088381"
"13069","38872","39206","11.1306604088381"
"13070","38872","39207","11.1306604088381"
"13071","38872","39208","11.1306604088381"
"13072","38872","39209","11.1306604088381"
"13073","38872","39210","11.1306604088381"
"13074","38872","39211","11.1306604088381"
"13075","38872","39212","11.1306604088381"
"13076","38872","39213","11.1306604088381"
"13077","38769","39214","15.283381318794"
"13078","38885","39219","10.7022251776598"
"13079","38423","39224","29.2764138803964"
"13080","38839","39225","12.505180212318"
"13081","39092","39227","4.0654387323375"
"13082","39092","39228","4.0654387323375"
"13083","38607","39229","21.812639604615"
"13084","38607","39230","21.812639604615"
"13085","38607","39231","21.812639604615"
"13086","38713","39232","18.2965498764347"
"13087","38713","39233","18.2965498764347"
"13088","38713","39234","18.2965498764347"
"13089","38713","39235","18.2965498764347"
"13090","38713","39236","18.2965498764347"
"13091","37984","39237","46.1320977517175"
"13092","37984","39238","46.1320977517175"
"13093","37984","39239","46.1320977517175"
"13094","37984","39240","46.1320977517175"
"13095","37984","39241","46.1320977517175"
"13096","35897","39244","126.240786059897"
"13097","38635","39245","20.9329431880233"
"13098","38635","39246","20.9329431880233"
"13099","38905","39248","11.0495600523959"
"13100","38371","39250","31.6666679699065"
"13101","38371","39251","31.6666679699065"
"13102","38903","39252","11.3802080813198"
"13103","38903","39253","11.3802080813198"
"13104","39162","39254","2.52089822889639"
"13105","38989","39255","8.74064764207878"
"13106","38968","39263","9.8130600850368"
"13107","38979","39264","9.53876335527457"
"13108","38071","39266","43.5970648501434"
"13109","38129","39269","41.7199585426538"
"13110","38129","39270","41.7199585426538"
"13111","38129","39271","41.7199585426538"
"13112","39025","39272","7.91870678548912"
"13113","39123","39273","5.01807314203461"
"13114","39123","39274","5.01807314203461"
"13115","39123","39275","5.01807314203461"
"13116","38886","39276","12.5923189779792"
"13117","38886","39277","12.5923189779792"
"13118","38449","39282","30.1061192310831"
"13119","38692","39283","20.5400050138178"
"13120","38692","39284","20.5400050138178"
"13121","38692","39285","20.5400050138178"
"13122","35985","39286","123.555750144363"
"13123","38813","39287","15.7494918915522"
"13124","38813","39288","15.7494918915522"
"13125","39165","39289","3.99880769643823"
"13126","38666","39290","21.6521296609731"
"13127","38677","39292","21.6178996029566"
"13128","38724","39300","19.8764929999297"
"13129","38724","39301","19.8764929999297"
"13130","37875","39304","52.9820395698698"
"13131","37868","39309","53.3155173095402"
"13132","39109","39314","6.42275970631044"
"13133","39109","39315","6.42275970631044"
"13134","39109","39316","6.42275970631044"
"13135","38881","39317","14.0376133808863"
"13136","37666","39320","61.4026692618354"
"13137","37666","39321","61.4026692618354"
"13138","37666","39322","61.4026692618354"
"13139","37666","39323","61.4026692618354"
"13140","37666","39324","61.4026692618354"
"13141","39046","39325","8.34234888891706"
"13142","38467","39326","30.4209129230962"
"13143","38467","39327","30.4209129230962"
"13144","39050","39328","8.31880483433224"
"13145","38452","39338","31.5125309965201"
"13146","38828","39339","16.2628568922823"
"13147","38659","39347","23.0636848871663"
"13148","39171","39348","5.00969924616038"
"13149","38906","39350","14.2706994585283"
"13150","39178","39351","4.69307418080962"
"13151","38799","39352","18.0036641037505"
"13152","38992","39353","11.6786779571848"
"13153","38496","39354","29.9785508219707"
"13154","38496","39355","29.9785508219707"
"13155","39164","39356","5.44420945133561"
"13156","38942","39357","13.467824106252"
"13157","38942","39358","13.467824106252"
"13158","39005","39364","11.47175107558"
"13159","39052","39365","9.33676859971274"
"13160","39251","39366","3.82805093640172"
"13161","38668","39367","23.7047850759727"
"13162","38668","39368","23.7047850759727"
"13163","38668","39369","23.7047850759727"
"13164","38668","39370","23.7047850759727"
"13165","38725","39372","21.7458873680444"
"13166","39116","39376","7.98220645692209"
"13167","39140","39377","7.02558988939518"
"13168","39140","39378","7.02558988939518"
"13169","39140","39379","7.02558988939518"
"13170","39140","39380","7.02558988939518"
"13171","39140","39381","7.02558988939518"
"13172","39140","39382","7.02558988939518"
"13173","39022","39383","10.9995944559696"
"13174","39095","39387","8.73068168965438"
"13175","39095","39388","8.73068168965438"
"13176","39090","39389","8.75679910213103"
"13177","38765","39390","20.6015908072382"
"13178","38699","39391","23.3506790631882"
"13179","38934","39392","15.4415421577428"
"13180","38934","39393","15.4415421577428"
"13181","39126","39394","8.70376055809766"
"13182","39103","39395","9.20251355170694"
"13183","39103","39396","9.20251355170694"
"13184","38873","39397","17.0599908712506"
"13185","38873","39398","17.0599908712506"
"13186","38873","39399","17.0599908712506"
"13187","39055","39400","10.8665720067816"
"13188","39055","39401","10.8665720067816"
"13189","39055","39402","10.8665720067816"
"13190","38526","39403","30.9238550547589"
"13191","34459","39404","192.307066145092"
"13192","38763","39405","21.9901680489584"
"13193","39097","39406","10.2772057521347"
"13194","38733","39409","23.5728941956913"
"13195","38733","39410","23.5728941956913"
"13196","38733","39411","23.5728941956913"
"13197","39212","39413","6.97409675454765"
"13198","39212","39414","6.97409675454765"
"13199","38688","39417","25.872763240885"
"13200","38688","39418","25.872763240885"
"13201","38688","39419","25.872763240885"
"13202","38688","39420","25.872763240885"
"13203","38975","39421","15.6371437707157"
"13204","38975","39422","15.6371437707157"
"13205","38975","39423","15.6371437707157"
"13206","38975","39424","15.6371437707157"
"13207","39057","39428","12.1218768004378"
"13208","39029","39433","13.5705786789263"
"13209","39029","39434","13.5705786789263"
"13210","38875","39435","18.8451660856845"
"13211","38875","39436","18.8451660856845"
"13212","38875","39437","18.8451660856845"
"13213","38875","39438","18.8451660856845"
"13214","38511","39439","33.2835527092511"
"13215","39006","39440","14.9588643623088"
"13216","39006","39441","14.9588643623088"
"13217","38333","39442","40.239029829253"
"13218","38333","39443","40.239029829253"
"13219","38820","39444","20.8284216700304"
"13220","39283","39445","5.66291068500186"
"13221","39283","39446","5.66291068500186"
"13222","38515","39449","33.4329416235769"
"13223","39210","39450","8.30553889038083"
"13224","38629","39452","28.7667685461956"
"13225","39327","39454","5.08366590844389"
"13226","39102","39455","11.914264510167"
"13227","38780","39456","23.3711367318065"
"13228","38780","39457","23.3711367318065"
"13229","38780","39458","23.3711367318065"
"13230","39229","39461","8.35880162709873"
"13231","39266","39462","7.32693115142001"
"13232","39068","39463","13.1572311999726"
"13233","38997","39468","16.7026145705322"
"13234","38997","39469","16.7026145705322"
"13235","39100","39474","12.7974339512357"
"13236","39100","39475","12.7974339512357"
"13237","37634","39476","68.7193116737403"
"13238","37634","39477","68.7193116737403"
"13239","38940","39478","19.0973929689126"
"13240","39203","39479","9.86936818770209"
"13241","39203","39480","9.86936818770209"
"13242","39203","39481","9.86936818770209"
"13243","39203","39482","9.86936818770209"
"13244","39203","39483","9.86936818770209"
"13245","39203","39484","9.86936818770209"
"13246","39088","39489","13.6942753542958"
"13247","39235","39493","9.59519496104804"
"13248","39235","39494","9.59519496104804"
"13249","39235","39495","9.59519496104804"
"13250","39235","39496","9.59519496104804"
"13251","39235","39497","9.59519496104804"
"13252","39389","39498","5.00125516587059"
"13253","38932","39499","19.9374582355013"
"13254","39192","39500","10.5131190473599"
"13255","39192","39501","10.5131190473599"
"13256","38109","39502","50.8980224714746"
"13257","38109","39503","50.8980224714746"
"13258","38109","39504","50.8980224714746"
"13259","39287","39508","7.81266809703129"
"13260","39287","39509","7.81266809703129"
"13261","39287","39510","7.81266809703129"
"13262","39287","39511","7.81266809703129"
"13263","39287","39512","7.81266809703129"
"13264","39233","39520","9.98598830100809"
"13265","39001","39521","18.0688462221542"
"13266","39390","39522","5.37843153411586"
"13267","39269","39524","8.78894878617439"
"13268","39284","39527","8.55832781593153"
"13269","39284","39528","8.55832781593153"
"13270","39004","39529","18.2809948126478"
"13271","39085","39530","14.6475711527896"
"13272","39457","39537","2.63946879064451"
"13273","39457","39538","2.63946879064451"
"13274","39301","39539","8.60060473075464"
"13275","39196","39540","11.5481938816702"
"13276","39394","39541","5.69735870819568"
"13277","38829","39542","24.150849860931"
"13278","38612","39543","32.8707609094963"
"13279","38612","39544","32.8707609094963"
"13280","38612","39545","32.8707609094963"
"13281","39238","39546","11.0712512517762"
"13282","39238","39547","11.0712512517762"
"13283","38900","39548","22.065967907236"
"13284","38995","39551","19.5277696413177"
"13285","38995","39552","19.5277696413177"
"13286","38993","39553","19.5671265164574"
"13287","39191","39554","12.3222755878242"
"13288","39191","39555","12.3222755878242"
"13289","38522","39556","36.9090702149247"
"13290","38522","39557","36.9090702149247"
"13291","39142","39565","14.5585527324629"
"13292","38884","39568","22.9390109501292"
"13293","39285","39569","10.1815936935914"
"13294","39087","39570","16.1474071352554"
"13295","39183","39571","13.2428385260687"
"13296","39183","39572","13.2428385260687"
"13297","39183","39573","13.2428385260687"
"13298","39183","39574","13.2428385260687"
"13299","39183","39575","13.2428385260687"
"13300","39183","39576","13.2428385260687"
"13301","39093","39580","16.3786097220341"
"13302","39093","39581","16.3786097220341"
"13303","39031","39582","18.6766765706643"
"13304","39388","39583","7.78357293071031"
"13305","37950","39584","59.4154136813718"
"13306","38825","39587","25.624438096389"
"13307","39168","39590","14.5142280063583"
"13308","38899","39592","23.5813435278947"
"13309","39224","39593","12.8846641184518"
"13310","38879","39594","24.1194139702397"
"13311","38562","39595","36.9052824132659"
"13312","38562","39596","36.9052824132659"
"13313","39107","39597","16.7709271508379"
"13314","39406","39598","6.86271413047598"
"13315","38566","39599","36.5915183882385"
"13316","38849","39600","25.5643788717798"
"13317","37788","39601","67.9646215568118"
"13318","37788","39602","67.9646215568118"
"13319","37788","39603","67.9646215568118"
"13320","38565","39604","36.8236089264537"
"13321","38565","39605","36.8236089264537"
"13322","38981","39606","21.8221330154124"
"13323","38981","39607","21.8221330154124"
"13324","38981","39608","21.8221330154124"
"13325","39400","39609","7.78984339138469"
"13326","39400","39610","7.78984339138469"
"13327","39264","39620","12.5666630654891"
"13328","39246","39621","13.7271072199305"
"13329","39246","39622","13.7271072199305"
"13330","39246","39623","13.7271072199305"
"13331","39246","39624","13.7271072199305"
"13332","39355","39625","10.3352236064657"
"13333","39355","39626","10.3352236064657"
"13334","39355","39627","10.3352236064657"
"13335","39508","39630","4.16396651377545"
"13336","38726","39635","32.0203304764532"
"13337","38726","39636","32.0203304764532"
"13338","38807","39637","28.3999996904345"
"13339","38807","39638","28.3999996904345"
"13340","38807","39639","28.3999996904345"
"13341","38807","39640","28.3999996904345"
"13342","38807","39641","28.3999996904345"
"13343","39023","39644","21.1858650380664"
"13344","39147","39645","17.1293182756744"
"13345","38871","39646","26.3433593878167"
"13346","38871","39647","26.3433593878167"
"13347","38397","39648","44.7056044924675"
"13348","39201","39650","15.3307294031783"
"13349","39201","39651","15.3307294031783"
"13350","39201","39652","15.3307294031783"
"13351","39180","39654","16.2647906079469"
"13352","38974","39655","23.8481561138051"
"13353","39086","39656","19.2712953873752"
"13354","39225","39657","15.4459052144439"
"13355","39225","39658","15.4459052144439"
"13356","36843","39659","105.092699537396"
"13357","38070","39660","57.9940800465174"
"13358","39002","39661","23.4871253445531"
"13359","39002","39662","23.4871253445531"
"13360","39002","39663","23.4871253445531"
"13361","39002","39664","23.4871253445531"
"13362","39156","39665","17.6447795684107"
"13363","38619","39666","37.1853624014966"
"13364","38216","39667","52.7064944390363"
"13365","38216","39668","52.7064944390363"
"13366","39255","39669","15.2653613950679"
"13367","38898","39670","26.8436039491526"
"13368","39395","39671","10.70021915284"
"13369","39252","39672","15.738611029652"
"13370","39252","39673","15.738611029652"
"13371","39252","39674","15.738611029652"
"13372","39252","39675","15.738611029652"
"13373","39078","39679","20.527232882418"
"13374","39078","39680","20.527232882418"
"13375","38545","39681","40.9623926486679"
"13376","39274","39682","14.9973809307494"
"13377","39368","39685","12.6046300219446"
"13378","39193","39686","17.431730684832"
"13379","39410","39690","10.5990838565276"
"13380","39410","39691","10.5990838565276"
"13381","38985","39692","25.2372628142321"
"13382","38985","39693","25.2372628142321"
"13383","38822","39695","30.5685408524541"
"13384","39190","39696","18.2451467138881"
"13385","39190","39697","18.2451467138881"
"13386","39190","39698","18.2451467138881"
"13387","39603","39701","4.17398129387266"
"13388","39603","39702","4.17398129387266"
"13389","39603","39703","4.17398129387266"
"13390","39369","39704","13.2555335278234"
"13391","39369","39705","13.2555335278234"
"13392","38288","39706","52.2546947213145"
"13393","38288","39707","52.2546947213145"
"13394","38288","39708","52.2546947213145"
"13395","39219","39709","18.2316971640344"
"13396","39219","39710","18.2316971640344"
"13397","36832","39711","108.261391670493"
"13398","39019","39714","24.8106410466967"
"13399","38909","39716","28.9131349486502"
"13400","39584","39717","5.66652916751582"
"13401","39547","39718","7.1043718400847"
"13402","38935","39724","28.7072833211109"
"13403","38935","39725","28.7072833211109"
"13404","38935","39726","28.7072833211109"
"13405","39512","39729","8.87459594370966"
"13406","35980","39732","141.088011277739"
"13407","39475","39733","9.96235786590705"
"13408","39475","39734","9.96235786590705"
"13409","39112","39735","22.6411447397345"
"13410","39112","39736","22.6411447397345"
"13411","37712","39737","76.3789078838508"
"13412","37712","39738","76.3789078838508"
"13413","36482","39739","121.873855798992"
"13414","39396","39740","13.8423477755996"
"13415","39352","39743","15.8954825849119"
"13416","39660","39746","4.08219395874994"
"13417","39660","39747","4.08219395874994"
"13418","39660","39748","4.08219395874994"
"13419","39234","39752","19.5349775444211"
"13420","39234","39753","19.5349775444211"
"13421","38166","39754","58.7905400609361"
"13422","38166","39755","58.7905400609361"
"13423","38166","39756","58.7905400609361"
"13424","39648","39757","5.10014876233663"
"13425","39036","39758","26.3450487509863"
"13426","39420","39760","13.3255312758415"
"13427","39420","39761","13.3255312758415"
"13428","39420","39762","13.3255312758415"
"13429","37655","39763","79.0550885944103"
"13430","39686","39764","3.55213788455467"
"13431","39686","39765","3.55213788455467"
"13432","39478","39771","11.5755242054474"
"13433","39601","39772","7.47311853523388"
"13434","39576","39773","8.59125176926591"
"13435","39576","39774","8.59125176926591"
"13436","39208","39775","21.3159328289262"
"13437","39175","39776","22.3951232548256"
"13438","39206","39777","21.3667308991726"
"13439","39206","39778","21.3667308991726"
"13440","39026","39779","27.3702847840041"
"13441","39026","39780","27.3702847840041"
"13442","39454","39788","13.0180543388501"
"13443","39380","39790","16.7999296226153"
"13444","39380","39791","16.7999296226153"
"13445","39380","39792","16.7999296226153"
"13446","39075","39797","25.9233326710314"
"13447","39075","39798","25.9233326710314"
"13448","39568","39800","9.8385960906603"
"13449","39393","39806","16.9050292072416"
"13450","39357","39807","18.5519347136251"
"13451","39382","39808","17.8562929708633"
"13452","38957","39814","31.872392530855"
"13453","39144","39815","25.1375833897264"
"13454","39144","39816","25.1375833897264"
"13455","39144","39817","25.1375833897264"
"13456","39144","39818","25.1375833897264"
"13457","37927","39821","70.935217430364"
"13458","39575","39822","10.6222581862221"
"13459","39186","39823","23.8106326086154"
"13460","39598","39824","9.76015487311452"
"13461","39597","39825","9.80049252860726"
"13462","39597","39826","9.80049252860726"
"13463","39597","39827","9.80049252860726"
"13464","39597","39828","9.80049252860726"
"13465","39597","39829","9.80049252860726"
"13466","39597","39830","9.80049252860726"
"13467","39597","39831","9.80049252860726"
"13468","38908","39832","33.668015650353"
"13469","38876","39833","34.3639558925333"
"13470","38876","39834","34.3639558925333"
"13471","38876","39835","34.3639558925333"
"13472","39690","39840","6.201774094558"
"13473","39181","39844","24.4971856030411"
"13474","39621","39846","9.63971852847271"
"13475","39621","39847","9.63971852847271"
"13476","39546","39849","12.3583585476185"
"13477","39546","39850","12.3583585476185"
"13478","39791","39854","2.73068932663909"
"13479","39169","39856","25.8373644326471"
"13480","39105","39866","28.0519030939222"
"13481","39105","39867","28.0519030939222"
"13482","37071","39869","106.472556860076"
"13483","39272","39870","22.9731159495336"
"13484","39272","39871","22.9731159495336"
"13485","38938","39872","34.6992422135286"
"13486","38938","39873","34.6992422135286"
"13487","38938","39874","34.6992422135286"
"13488","38938","39875","34.6992422135286"
"13489","39114","39878","28.3735722473166"
"13490","39114","39879","28.3735722473166"
"13491","39083","39881","29.0217131171139"
"13492","39083","39882","29.0217131171139"
"13493","39083","39883","29.0217131171139"
"13494","39083","39884","29.0217131171139"
"13495","39665","39885","9.54814598578923"
"13496","39756","39886","5.33672147704829"
"13497","39756","39887","5.33672147704829"
"13498","39756","39888","5.33672147704829"
"13499","39581","39889","13.0550975690148"
"13500","38867","39890","37.1879183143428"
"13501","38867","39891","37.1879183143428"
"13502","38867","39892","37.1879183143428"
"13503","38840","39894","38.0661637363305"
"13504","38840","39895","38.0661637363305"
"13505","38840","39896","38.0661637363305"
"13506","39288","39897","23.4872486083609"
"13507","39288","39898","23.4872486083609"
"13508","39596","39899","12.5891938799382"
"13509","39622","39900","11.8360364971859"
"13510","39622","39901","11.8360364971859"
"13511","38065","39906","68.615146286887"
"13512","39593","39907","13.1198544636691"
"13513","39627","39908","12.2900838972987"
"13514","38958","39909","35.6889819778166"
"13515","38921","39912","36.8410740371892"
"13516","38921","39913","36.8410740371892"
"13517","39673","39914","10.2404025119408"
"13518","39673","39915","10.2404025119408"
"13519","39673","39916","10.2404025119408"
"13520","39817","39922","4.34125149275906"
"13521","37382","39923","97.091224782047"
"13522","37382","39924","97.091224782047"
"13523","39640","39925","12.3096247580388"
"13524","39898","39929","1.37031453344071"
"13525","39898","39930","1.37031453344071"
"13526","38640","39931","47.5900492131459"
"13527","38640","39932","47.5900492131459"
"13528","39421","39934","20.1100012951561"
"13529","39716","39935","8.9372779471405"
"13530","39424","39936","20.349376725193"
"13531","38088","39937","69.0644647832269"
"13532","38088","39938","69.0644647832269"
"13533","38088","39939","69.0644647832269"
"13534","39778","39944","6.56596446332196"
"13535","39583","39945","15.0734181856383"
"13536","37193","39946","105.210706207166"
"13537","37193","39947","105.210706207166"
"13538","39657","39950","12.3459700301337"
"13539","39657","39951","12.3459700301337"
"13540","39657","39952","12.3459700301337"
"13541","39657","39953","12.3459700301337"
"13542","39657","39954","12.3459700301337"
"13543","39321","39955","24.8150866602632"
"13544","39434","39958","20.7214926920078"
"13545","39434","39959","20.7214926920078"
"13546","39434","39960","20.7214926920078"
"13547","39729","39962","9.35699280886911"
"13548","35526","39964","167.416757484016"
"13549","39610","39965","14.9083019631453"
"13550","39121","39966","31.860170947145"
"13551","39174","39969","29.955779697631"
"13552","38653","39970","48.2871385406861"
"13553","39696","39974","11.2790313502637"
"13554","39743","39975","9.29936901867632"
"13555","39496","39976","19.1258612679571"
"13556","39496","39977","19.1258612679571"
"13557","39496","39978","19.1258612679571"
"13558","39496","39979","19.1258612679571"
"13559","39496","39980","19.1258612679571"
"13560","38674","39981","48.2941561329708"
"13561","38916","39982","39.3124879878696"
"13562","38916","39983","39.3124879878696"
"13563","38916","39984","39.3124879878696"
"13564","39273","39986","27.4647169950622"
"13565","39273","39987","27.4647169950622"
"13566","39273","39988","27.4647169950622"
"13567","39273","39989","27.4647169950622"
"13568","39273","39990","27.4647169950622"
"13569","39605","39991","15.6944045570358"
"13570","39605","39992","15.6944045570358"
"13571","39605","39993","15.6944045570358"
"13572","39605","39994","15.6944045570358"
"13573","39605","39995","15.6944045570358"
"13574","39072","39996","33.751852250904"
"13575","39072","39997","33.751852250904"
"13576","38996","39998","37.3708972423947"
"13577","38996","39999","37.3708972423947"
"13578","39351","40000","25.9172196266672"
"13579","37887","40001","79.658469720297"
"13580","37887","40002","79.658469720297"
"13581","39544","40003","18.4679624403138"
"13582","39497","40004","19.9443658768673"
"13583","39324","40005","26.8393148190071"
"13584","39324","40006","26.8393148190071"
"13585","39668","40007","14.0238927870428"
"13586","39607","40010","16.5617183168501"
"13587","39726","40012","11.5173839764552"
"13588","39726","40013","11.5173839764552"
"13589","39870","40014","5.65984742891396"
"13590","39870","40015","5.65984742891396"
"13591","39870","40016","5.65984742891396"
"13592","39870","40017","5.65984742891396"
"13593","39870","40018","5.65984742891396"
"13594","39737","40021","11.1382093260763"
"13595","39418","40022","23.3528165924472"
"13596","39418","40023","23.3528165924472"
"13597","39418","40024","23.3528165924472"
"13598","39418","40025","23.3528165924472"
"13599","39495","40026","20.5580600310941"
"13600","39495","40027","20.5580600310941"
"13601","39495","40028","20.5580600310941"
"13602","39495","40029","20.5580600310941"
"13603","39572","40030","18.1055745346252"
"13604","39572","40031","18.1055745346252"
"13605","39572","40032","18.1055745346252"
"13606","39241","40033","30.2624186267399"
"13607","39241","40034","30.2624186267399"
"13608","39241","40035","30.2624186267399"
"13609","39241","40036","30.2624186267399"
"13610","39437","40045","23.1729719581858"
"13611","39437","40046","23.1729719581858"
"13612","39604","40047","17.3118710572217"
"13613","39604","40048","17.3118710572217"
"13614","39604","40049","17.3118710572217"
"13615","39604","40050","17.3118710572217"
"13616","39323","40051","27.8637709724462"
"13617","39323","40052","27.8637709724462"
"13618","38889","40055","42.0831407954211"
"13619","37513","40059","96.5854120524496"
"13620","37513","40060","96.5854120524496"
"13621","39606","40061","17.7650714931056"
"13622","39606","40062","17.7650714931056"
"13623","39748","40068","11.7315401169149"
"13624","39945","40075","4.00308451883666"
"13625","39945","40076","4.00308451883666"
"13626","39945","40077","4.00308451883666"
"13627","38834","40080","44.8160007255879"
"13628","38834","40081","44.8160007255879"
"13629","38834","40082","44.8160007255879"
"13630","37673","40083","90.4770815856609"
"13631","37673","40084","90.4770815856609"
"13632","37673","40085","90.4770815856609"
"13633","37673","40086","90.4770815856609"
"13634","37673","40087","90.4770815856609"
"13635","39364","40088","28.160870920588"
"13636","39452","40089","24.3342489674633"
"13637","39452","40090","24.3342489674633"
"13638","39452","40091","24.3342489674633"
"13639","39452","40092","24.3342489674633"
"13640","39452","40093","24.3342489674633"
"13641","39992","40094","3.25153981014455"
"13642","38271","40095","67.3490671810582"
"13643","38271","40096","67.3490671810582"
"13644","38271","40097","67.3490671810582"
"13645","38271","40098","67.3490671810582"
"13646","38271","40099","67.3490671810582"
"13647","39254","40103","32.1472350094091"
"13648","39874","40105","8.04626144660779"
"13649","38864","40106","44.7286377173182"
"13650","39202","40107","33.4691476210078"
"13651","39202","40108","33.4691476210078"
"13652","39202","40109","33.4691476210078"
"13653","38987","40115","41.2931969114461"
"13654","38987","40116","41.2931969114461"
"13655","38987","40117","41.2931969114461"
"13656","37798","40118","87.2979191355453"
"13657","37798","40119","87.2979191355453"
"13658","39833","40121","10.2815643635781"
"13659","39760","40122","13.2643068826223"
"13660","39736","40123","14.4398171978078"
"13661","39869","40124","9.18962642707766"
"13662","39869","40125","9.18962642707766"
"13663","39800","40128","11.8881736217345"
"13664","39800","40129","11.8881736217345"
"13665","39800","40130","11.8881736217345"
"13666","38645","40131","54.0071557427723"
"13667","38645","40132","54.0071557427723"
"13668","38645","40133","54.0071557427723"
"13669","39685","40134","16.9099593592337"
"13670","38838","40135","46.4723916186426"
"13671","38838","40136","46.4723916186426"
"13672","40001","40140","4.37753331816657"
"13673","39199","40141","34.5580082936849"
"13674","39977","40142","5.59300553004596"
"13675","39339","40146","31.2388742037565"
"13676","39339","40147","31.2388742037565"
"13677","39499","40148","24.7929061931959"
"13678","39499","40149","24.7929061931959"
"13679","35100","40150","192.491539261114"
"13680","39790","40151","13.4064183342493"
"13681","39755","40154","14.8435748124461"
"13682","39679","40155","18.3243011187515"
"13683","39996","40156","5.53028009970467"
"13684","39900","40160","9.33037749615232"
"13685","39900","40161","9.33037749615232"
"13686","39984","40162","6.42698277254067"
"13687","39881","40163","10.5595549294949"
"13688","39881","40164","10.5595549294949"
"13689","39881","40165","10.5595549294949"
"13690","39881","40166","10.5595549294949"
"13691","39881","40167","10.5595549294949"
"13692","38831","40168","48.4084718445251"
"13693","39290","40169","33.3702736030882"
"13694","39290","40170","33.3702736030882"
"13695","39290","40171","33.3702736030882"
"13696","39899","40174","10.0518977294887"
"13697","39899","40175","10.0518977294887"
"13698","39899","40176","10.0518977294887"
"13699","39277","40177","34.1027361546194"
"13700","39277","40178","34.1027361546194"
"13701","39277","40179","34.1027361546194"
"13702","39277","40180","34.1027361546194"
"13703","39277","40181","34.1027361546194"
"13704","39913","40182","9.37599430832779"
"13705","39594","40187","23.0878907726474"
"13706","39884","40188","11.0204266661194"
"13707","39608","40189","22.6624471080386"
"13708","39608","40190","22.6624471080386"
"13709","38421","40191","65.5373059613758"
"13710","38421","40192","65.5373059613758"
"13711","39666","40193","20.4343994228057"
"13712","39828","40196","13.2683057276963"
"13713","39828","40197","13.2683057276963"
"13714","39950","40198","8.46059181310238"
"13715","39831","40199","13.3116783773316"
"13716","39995","40200","7.22860266494627"
"13717","39995","40201","7.22860266494627"
"13718","39816","40202","13.9043152732047"
"13719","39711","40203","18.5563445347998"
"13720","36301","40204","145.267595988945"
"13721","40013","40209","6.72707272590242"
"13722","40013","40210","6.72707272590242"
"13723","40013","40211","6.72707272590242"
"13724","40013","40212","6.72707272590242"
"13725","40013","40213","6.72707272590242"
"13726","40013","40214","6.72707272590242"
"13727","40013","40215","6.72707272590242"
"13728","40013","40216","6.72707272590242"
"13729","39539","40217","25.9538584382658"
"13730","39253","40220","36.8400413832037"
"13731","39253","40221","36.8400413832037"
"13732","39253","40222","36.8400413832037"
"13733","39455","40223","29.2063911121081"
"13734","39455","40224","29.2063911121081"
"13735","39644","40228","23.0931614859442"
"13736","39644","40229","23.0931614859442"
"13737","39557","40230","26.0954624710389"
"13738","39557","40231","26.0954624710389"
"13739","40086","40232","5.68903442775672"
"13740","40086","40233","5.68903442775672"
"13741","40086","40234","5.68903442775672"
"13742","40080","40235","5.80671285656581"
"13743","39537","40240","27.0873186463309"
"13744","39289","40241","35.8435776796737"
"13745","39289","40242","35.8435776796737"
"13746","39901","40243","12.3005549584432"
"13747","39901","40244","12.3005549584432"
"13748","39901","40245","12.3005549584432"
"13749","39901","40246","12.3005549584432"
"13750","39498","40247","28.4362537221496"
"13751","39498","40248","28.4362537221496"
"13752","39498","40249","28.4362537221496"
"13753","39703","40250","20.7969495402463"
"13754","39938","40251","10.9394286268366"
"13755","39938","40252","10.9394286268366"
"13756","39938","40253","10.9394286268366"
"13757","39938","40254","10.9394286268366"
"13758","38158","40255","77.8942402774619"
"13759","38736","40256","55.6434256115413"
"13760","38736","40257","55.6434256115413"
"13761","39670","40262","22.6736077891001"
"13762","38670","40265","58.2818929528271"
"13763","39916","40269","12.6558562426007"
"13764","39916","40270","12.6558562426007"
"13765","39916","40271","12.6558562426007"
"13766","39916","40272","12.6558562426007"
"13767","39964","40273","10.9614910680871"
"13768","39964","40274","10.9614910680871"
"13769","39383","40275","34.7306907742577"
"13770","39383","40276","34.7306907742577"
"13771","39818","40281","16.9942696154826"
"13772","39818","40282","16.9942696154826"
"13773","40006","40283","9.80569081542853"
"13774","40075","40287","8.12291969527223"
"13775","40075","40288","8.12291969527223"
"13776","40075","40289","8.12291969527223"
"13777","36789","40290","131.30368232564"
"13778","40023","40293","9.68073723287216"
"13779","40023","40294","9.68073723287216"
"13780","40023","40295","9.68073723287216"
"13781","39994","40296","10.8038857803426"
"13782","39994","40297","10.8038857803426"
"13783","39994","40298","10.8038857803426"
"13784","38722","40299","57.4549626215908"
"13785","39440","40305","32.5236041790686"
"13786","37932","40310","87.9179103333995"
"13787","37932","40311","87.9179103333995"
"13788","39204","40312","40.5022273955815"
"13789","39204","40313","40.5022273955815"
"13790","39204","40314","40.5022273955815"
"13791","39204","40315","40.5022273955815"
"13792","39367","40316","36.0314831780929"
"13793","39367","40317","36.0314831780929"
"13794","39367","40318","36.0314831780929"
"13795","39367","40319","36.0314831780929"
"13796","39522","40320","30.0292054012975"
"13797","39348","40321","37.0047079817191"
"13798","39348","40322","37.0047079817191"
"13799","40141","40323","6.28956321496071"
"13800","40141","40324","6.28956321496071"
"13801","39378","40325","36.0763673019114"
"13802","39378","40326","36.0763673019114"
"13803","38967","40327","49.4741984486445"
"13804","39387","40331","35.8916985136234"
"13805","39423","40332","33.6488898298658"
"13806","39423","40333","33.6488898298658"
"13807","39423","40334","33.6488898298658"
"13808","39423","40335","33.6488898298658"
"13809","39041","40337","46.6102753982591"
"13810","39041","40338","46.6102753982591"
"13811","39041","40339","46.6102753982591"
"13812","39041","40340","46.6102753982591"
"13813","39041","40341","46.6102753982591"
"13814","39041","40342","46.6102753982591"
"13815","39041","40343","46.6102753982591"
"13816","39041","40344","46.6102753982591"
"13817","39915","40346","14.3104139416619"
"13818","39983","40352","12.4493356000226"
"13819","39983","40353","12.4493356000226"
"13820","39983","40354","12.4493356000226"
"13821","40077","40355","9.78644870413746"
"13822","40077","40356","9.78644870413746"
"13823","40077","40357","9.78644870413746"
"13824","39925","40359","14.8458099082827"
"13825","40060","40360","10.5952781137485"
"13826","39777","40363","20.9863069800263"
"13827","40109","40364","9.23400283912724"
"13828","39655","40365","27.2464138651935"
"13829","39655","40366","27.2464138651935"
"13830","39827","40367","19.60880161553"
"13831","39484","40368","33.120466852155"
"13832","39484","40369","33.120466852155"
"13833","39484","40370","33.120466852155"
"13834","40030","40378","12.4527228043016"
"13835","40036","40381","12.4610831230848"
"13836","40210","40382","6.17159802964807"
"13837","40015","40383","12.8309769738889"
"13838","39271","40384","41.5900923622908"
"13839","39271","40385","41.5900923622908"
"13840","39271","40386","41.5900923622908"
"13841","39271","40387","41.5900923622908"
"13842","39271","40388","41.5900923622908"
"13843","39292","40389","40.8723191386484"
"13844","39419","40390","36.3062017444126"
"13845","39832","40391","20.3371906921921"
"13846","39832","40392","20.3371906921921"
"13847","39832","40393","20.3371906921921"
"13848","39832","40394","20.3371906921921"
"13849","39832","40395","20.3371906921921"
"13850","39832","40396","20.3371906921921"
"13851","39832","40397","20.3371906921921"
"13852","39832","40398","20.3371906921921"
"13853","40150","40399","8.9815197989069"
"13854","40142","40401","9.17515503046116"
"13855","39761","40403","23.6234205113278"
"13856","40025","40405","13.6838283898528"
"13857","40025","40406","13.6838283898528"
"13858","40025","40407","13.6838283898528"
"13859","40025","40408","13.6838283898528"
"13860","40025","40409","13.6838283898528"
"13861","40025","40410","13.6838283898528"
"13862","40025","40411","13.6838283898528"
"13863","40025","40412","13.6838283898528"
"13864","39481","40413","34.469593275503"
"13865","39481","40414","34.469593275503"
"13866","39982","40415","15.0501767472888"
"13867","39982","40416","15.0501767472888"
"13868","39639","40417","29.4508263667185"
"13869","39639","40418","29.4508263667185"
"13870","38514","40421","69.8070136177776"
"13871","38514","40422","69.8070136177776"
"13872","38514","40423","69.8070136177776"
"13873","39939","40424","16.8661016729066"
"13874","39980","40426","15.4389493690728"
"13875","38673","40427","63.7682466354431"
"13876","39740","40428","25.0774117939936"
"13877","39981","40430","15.9029301826631"
"13878","39981","40431","15.9029301826631"
"13879","37965","40432","91.2486794777487"
"13880","37965","40433","91.2486794777487"
"13881","40305","40438","5.0540786294041"
"13882","40305","40439","5.0540786294041"
"13883","40305","40440","5.0540786294041"
"13884","39772","40441","24.4665087348735"
"13885","39772","40442","24.4665087348735"
"13886","39772","40443","24.4665087348735"
"13887","39600","40444","32.036608931754"
"13888","40212","40446","8.69800971513814"
"13889","40212","40447","8.69800971513814"
"13890","40212","40448","8.69800971513814"
"13891","40212","40449","8.69800971513814"
"13892","38856","40450","57.8184235406661"
"13893","38856","40451","57.8184235406661"
"13894","39775","40453","24.9099912711627"
"13895","39775","40454","24.9099912711627"
"13896","40242","40455","7.80178547850937"
"13897","40242","40456","7.80178547850937"
"13898","40242","40457","7.80178547850937"
"13899","40242","40458","7.80178547850937"
"13900","40242","40459","7.80178547850937"
"13901","39829","40460","22.8991490538165"
"13902","40367","40461","3.29358723098767"
"13903","40246","40463","7.82266039658634"
"13904","39753","40464","26.3170000930568"
"13905","39753","40465","26.3170000930568"
"13906","39236","40473","46.3113778601619"
"13907","40012","40474","16.4405314530622"
"13908","40012","40475","16.4405314530622"
"13909","39895","40476","21.0338067309326"
"13910","39892","40477","21.1577362776698"
"13911","39510","40478","36.7683878164589"
"13912","39510","40479","36.7683878164589"
"13913","40360","40480","5.07916286245199"
"13914","40360","40481","5.07916286245199"
"13915","40360","40482","5.07916286245199"
"13916","40360","40483","5.07916286245199"
"13917","39458","40485","38.7648482768395"
"13918","39458","40486","38.7648482768395"
"13919","39458","40487","38.7648482768395"
"13920","39458","40488","38.7648482768395"
"13921","39458","40489","38.7648482768395"
"13922","39458","40490","38.7648482768395"
"13923","39309","40491","44.556113384449"
"13924","39309","40492","44.556113384449"
"13925","40382","40493","4.17441668693664"
"13926","40382","40494","4.17441668693664"
"13927","40382","40495","4.17441668693664"
"13928","40382","40496","4.17441668693664"
"13929","40382","40497","4.17441668693664"
"13930","40382","40498","4.17441668693664"
"13931","40382","40499","4.17441668693664"
"13932","40342","40500","6.45635293236228"
"13933","39704","40504","29.9672061686033"
"13934","40333","40506","6.83963633297162"
"13935","40177","40507","11.7979570755328"
"13936","40177","40508","11.7979570755328"
"13937","40177","40509","11.7979570755328"
"13938","40177","40510","11.7979570755328"
"13939","40221","40511","10.2078899735347"
"13940","40169","40519","12.4970404229857"
"13941","40169","40520","12.4970404229857"
"13942","39937","40521","20.8276334895145"
"13943","39937","40522","20.8276334895145"
"13944","39937","40523","20.8276334895145"
"13945","39937","40524","20.8276334895145"
"13946","40413","40525","4.30227102500521"
"13947","40413","40526","4.30227102500521"
"13948","40140","40527","14.4040651471141"
"13949","38846","40528","60.7375428983823"
"13950","38846","40529","60.7375428983823"
"13951","40359","40530","6.7659644361438"
"13952","39592","40534","36.0486419776184"
"13953","39954","40535","21.541294088096"
"13954","39954","40536","21.541294088096"
"13955","40188","40538","13.4011374473939"
"13956","38484","40539","76.3029368571097"
"13957","38484","40540","76.3029368571097"
"13958","40405","40541","5.57751604118084"
"13959","40190","40542","13.6003268515278"
"13960","40190","40543","13.6003268515278"
"13961","40190","40544","13.6003268515278"
"13962","40047","40545","19.003027085279"
"13963","39944","40547","22.313167612986"
"13964","39764","40556","29.4987295430847"
"13965","39245","40557","49.8736028619301"
"13966","40003","40561","20.7708480911233"
"13967","40481","40562","3.65334684151594"
"13968","40493","40563","3.38623343821018"
"13969","40493","40564","3.38623343821018"
"13970","39979","40567","21.7975008557119"
"13971","39474","40571","41.8944051467488"
"13972","40168","40572","15.360549728508"
"13973","40168","40573","15.360549728508"
"13974","40168","40574","15.360549728508"
"13975","40084","40575","18.7336265712224"
"13976","40394","40576","7.70318313156213"
"13977","40394","40577","7.70318313156213"
"13978","40394","40578","7.70318313156213"
"13979","40134","40579","17.3808379116754"
"13980","39304","40586","48.8531967899912"
"13981","39304","40587","48.8531967899912"
"13982","39304","40588","48.8531967899912"
"13983","39763","40589","30.9109909115664"
"13984","39763","40590","30.9109909115664"
"13985","39797","40591","29.7706240497969"
"13986","39797","40592","29.7706240497969"
"13987","40192","40598","15.2833329947948"
"13988","40122","40599","17.9494019262438"
"13989","40343","40600","10.8675334726017"
"13990","39060","40601","56.6602719647681"
"13991","37803","40602","105.58383834472"
"13992","40473","40603","5.28780476571637"
"13993","40473","40604","5.28780476571637"
"13994","38793","40605","66.6226586161547"
"13995","38793","40606","66.6226586161547"
"13996","40421","40607","7.93615620082164"
"13997","39521","40608","42.0328616996371"
"13998","39521","40609","42.0328616996371"
"13999","39521","40610","42.0328616996371"
"14000","40051","40615","21.5945382797613"
"14001","40051","40616","21.5945382797613"
"14002","40051","40617","21.5945382797613"
"14003","40244","40620","14.8034717007208"
"14004","39991","40621","23.9536721219988"
"14005","40179","40622","17.410085323078"
"14006","40179","40623","17.410085323078"
"14007","39714","40624","35.2939735499699"
"14008","39951","40626","25.8427978509035"
"14009","39951","40627","25.8427978509035"
"14010","39951","40628","25.8427978509035"
"14011","38752","40629","70.0981461659699"
"14012","38752","40630","70.0981461659699"
"14013","38752","40631","70.0981461659699"
"14014","38752","40632","70.0981461659699"
"14015","38752","40633","70.0981461659699"
"14016","38528","40634","78.862604989381"
"14017","38528","40635","78.862604989381"
"14018","40504","40636","6.30613689968504"
"14019","37622","40637","114.322843778511"
"14020","37622","40638","114.322843778511"
"14021","40187","40639","18.0079191211848"
"14022","40187","40640","18.0079191211848"
"14023","40241","40641","15.9787120111491"
"14024","40241","40642","15.9787120111491"
"14025","40340","40646","13.333978098593"
"14026","39872","40647","29.4131651935309"
"14027","39872","40648","29.4131651935309"
"14028","39872","40649","29.4131651935309"
"14029","39872","40650","29.4131651935309"
"14030","38791","40651","68.8516892245775"
"14031","38791","40652","68.8516892245775"
"14032","39788","40653","33.0130504030408"
"14033","39788","40654","33.0130504030408"
"14034","39788","40655","33.0130504030408"
"14035","39846","40657","30.6475911378748"
"14036","38499","40661","80.8193748230101"
"14037","38499","40662","80.8193748230101"
"14038","38499","40663","80.8193748230101"
"14039","38499","40664","80.8193748230101"
"14040","38499","40665","80.8193748230101"
"14041","38499","40666","80.8193748230101"
"14042","38499","40667","80.8193748230101"
"14043","40098","40668","21.9574482665889"
"14044","39875","40669","29.8283204223112"
"14045","39883","40670","29.6996695192815"
"14046","40317","40671","14.4661433117758"
"14047","40162","40673","19.4721209836316"
"14048","40162","40674","19.4721209836316"
"14049","39815","40675","32.4682553651087"
"14050","39815","40676","32.4682553651087"
"14051","39946","40677","27.3431349264811"
"14052","39946","40678","27.3431349264811"
"14053","40213","40679","18.2339715459211"
"14054","40213","40680","18.2339715459211"
"14055","40287","40681","15.3987769029245"
"14056","37781","40683","110.346967258928"
"14057","37781","40684","110.346967258928"
"14058","40135","40685","21.6949643572998"
"14059","40135","40686","21.6949643572998"
"14060","39061","40688","60.7692312019099"
"14061","38882","40689","67.0726367624593"
"14062","38882","40690","67.0726367624593"
"14063","39211","40691","56.345622466682"
"14064","40297","40692","16.1258037939265"
"14065","40017","40694","26.2451031579794"
"14066","40451","40695","10.8812446048209"
"14067","40451","40696","10.8812446048209"
"14068","40451","40697","10.8812446048209"
"14069","40045","40699","26.0218446740623"
"14070","40108","40700","23.5931353634478"
"14071","40331","40701","16.0334249580173"
"14072","40331","40702","16.0334249580173"
"14073","40312","40712","16.8039210246498"
"14074","40496","40713","9.74929862975296"
"14075","40496","40714","9.74929862975296"
"14076","40575","40715","6.02913767340897"
"14077","40575","40716","6.02913767340897"
"14078","40478","40717","10.2549444638976"
"14079","40478","40718","10.2549444638976"
"14080","40332","40721","16.4048678199729"
"14081","40332","40722","16.4048678199729"
"14082","40431","40723","12.3711295452522"
"14083","40431","40724","12.3711295452522"
"14084","40431","40725","12.3711295452522"
"14085","40385","40727","14.0910431722496"
"14086","40385","40728","14.0910431722496"
"14087","40385","40729","14.0910431722496"
"14088","40506","40730","9.70883841290015"
"14089","40506","40731","9.70883841290015"
"14090","40506","40732","9.70883841290015"
"14091","39115","40734","61.0543248578711"
"14092","39157","40735","59.4574689909859"
"14093","39157","40736","59.4574689909859"
"14094","39157","40737","59.4574689909859"
"14095","39157","40738","59.4574689909859"
"14096","39157","40739","59.4574689909859"
"14097","39157","40740","59.4574689909859"
"14098","39157","40741","59.4574689909859"
"14099","39997","40742","28.2655310871396"
"14100","39997","40743","28.2655310871396"
"14101","40454","40744","11.7361321091912"
"14102","40454","40745","11.7361321091912"
"14103","40671","40746","2.81775232985137"
"14104","40671","40747","2.81775232985137"
"14105","39275","40748","55.9847941963039"
"14106","39275","40749","55.9847941963039"
"14107","39275","40750","55.9847941963039"
"14108","40460","40753","11.8253967774726"
"14109","40460","40754","11.8253967774726"
"14110","39625","40756","43.8608951587598"
"14111","40313","40758","17.8605786479902"
"14112","40313","40759","17.8605786479902"
"14113","40327","40760","17.3954708529982"
"14114","40327","40761","17.3954708529982"
"14115","40327","40762","17.3954708529982"
"14116","40327","40763","17.3954708529982"
"14117","39482","40764","48.6017697091297"
"14118","39482","40765","48.6017697091297"
"14119","39482","40766","48.6017697091297"
"14120","39752","40767","38.4193044052686"
"14121","39840","40768","34.9889285841014"
"14122","40440","40769","13.1018573464935"
"14123","40081","40770","26.1551182924891"
"14124","40538","40771","9.0368562686208"
"14125","40000","40774","29.0300115700825"
"14126","40655","40775","4.27189815659176"
"14127","40655","40776","4.27189815659176"
"14128","40378","40777","15.6126467540498"
"14129","40378","40778","15.6126467540498"
"14130","39792","40782","37.4384734296318"
"14131","40702","40785","2.1705825821964"
"14132","40702","40786","2.1705825821964"
"14133","40165","40787","23.3489005986103"
"14134","40165","40788","23.3489005986103"
"14135","40598","40789","7.52659309915816"
"14136","40598","40790","7.52659309915816"
"14137","40325","40791","18.4620674993935"
"14138","40325","40792","18.4620674993935"
"14139","40325","40793","18.4620674993935"
"14140","39442","40794","51.4106316176362"
"14141","39442","40795","51.4106316176362"
"14142","39762","40798","39.0090874361094"
"14143","39762","40799","39.0090874361094"
"14144","39762","40800","39.0090874361094"
"14145","39762","40801","39.0090874361094"
"14146","40631","40804","5.59911084101395"
"14147","40631","40805","5.59911084101395"
"14148","40631","40806","5.59911084101395"
"14149","40631","40807","5.59911084101395"
"14150","40485","40808","12.3805295526408"
"14151","39580","40810","47.1597519452248"
"14152","40561","40811","9.14442606445073"
"14153","40265","40812","20.7912024487755"
"14154","40265","40813","20.7912024487755"
"14155","40265","40814","20.7912024487755"
"14156","40356","40815","18.2682648419363"
"14157","40356","40816","18.2682648419363"
"14158","38413","40817","89.3292297484199"
"14159","38413","40818","89.3292297484199"
"14160","38413","40819","89.3292297484199"
"14161","40530","40820","11.4068634587161"
"14162","40024","40821","29.7466849113853"
"14163","40695","40822","3.69553564518128"
"14164","40695","40823","3.69553564518128"
"14165","40695","40824","3.69553564518128"
"14166","40695","40825","3.69553564518128"
"14167","39975","40826","31.8484397729699"
"14168","39975","40827","31.8484397729699"
"14169","39975","40828","31.8484397729699"
"14170","39975","40829","31.8484397729699"
"14171","39993","40835","31.6344610035017"
"14172","40357","40837","19.5643702057819"
"14173","40606","40838","9.00229514458897"
"14174","40090","40844","29.2643845012772"
"14175","40090","40845","29.2643845012772"
"14176","39754","40846","41.7850789234894"
"14177","40628","40847","8.07501308318524"
"14178","40628","40848","8.07501308318524"
"14179","40628","40849","8.07501308318524"
"14180","40125","40852","28.2177454532853"
"14181","40276","40853","22.6747177854177"
"14182","40807","40854","2.75052364113617"
"14183","40229","40855","24.3387305310061"
"14184","40229","40856","24.3387305310061"
"14185","39835","40857","39.1987142673106"
"14186","39835","40858","39.1987142673106"
"14187","40198","40859","25.9677969400555"
"14188","40198","40860","25.9677969400555"
"14189","40745","40866","4.80644194522756"
"14190","40725","40867","5.24869029344336"
"14191","40725","40868","5.24869029344336"
"14192","40623","40869","9.32045979751501"
"14193","40623","40870","9.32045979751501"
"14194","40623","40871","9.32045979751501"
"14195","40722","40873","5.55366406105077"
"14196","40722","40874","5.55366406105077"
"14197","40669","40875","8.10371471695726"
"14198","40669","40876","8.10371471695726"
"14199","40123","40877","29.2142222207603"
"14200","40633","40880","9.18444716255817"
"14201","40697","40881","6.4019536146493"
"14202","40700","40883","6.36712767196832"
"14203","38743","40885","80.133610257416"
"14204","40200","40886","26.7783332076256"
"14205","40200","40887","26.7783332076256"
"14206","40668","40888","8.59973611526993"
"14207","40668","40889","8.59973611526993"
"14208","40668","40890","8.59973611526993"
"14209","40571","40891","12.2646274204694"
"14210","39652","40892","48.3050364228411"
"14211","40483","40893","16.382551082721"
"14212","40483","40894","16.382551082721"
"14213","40483","40895","16.382551082721"
"14214","40368","40897","20.6991482478675"
"14215","40368","40898","20.6991482478675"
"14216","39724","40900","44.7931465545171"
"14217","40732","40901","6.24691096172455"
"14218","40167","40902","27.9870239082925"
"14219","40534","40906","14.8211380976099"
"14220","40534","40907","14.8211380976099"
"14221","39774","40908","42.7665412819597"
"14222","39028","40909","70.0246617445146"
"14223","39028","40910","70.0246617445146"
"14224","40727","40912","6.76707080126789"
"14225","39924","40913","37.1095881317865"
"14226","39924","40914","37.1095881317865"
"14227","39924","40915","37.1095881317865"
"14228","39656","40916","48.848242019274"
"14229","40097","40917","31.5334765450102"
"14230","40097","40918","31.5334765450102"
"14231","40097","40919","31.5334765450102"
"14232","40541","40920","14.8128940262304"
"14233","40541","40921","14.8128940262304"
"14234","40541","40922","14.8128940262304"
"14235","40653","40923","10.1281582582747"
"14236","40646","40925","10.2390000280402"
"14237","40646","40926","10.2390000280402"
"14238","40646","40927","10.2390000280402"
"14239","40646","40928","10.2390000280402"
"14240","40646","40929","10.2390000280402"
"14241","40792","40930","5.41734002979229"
"14242","40792","40931","5.41734002979229"
"14243","40616","40932","11.9781059117254"
"14244","40616","40933","11.9781059117254"
"14245","40616","40934","11.9781059117254"
"14246","40734","40935","7.0395735136367"
"14247","40334","40937","24.0146366735153"
"14248","39896","40938","39.1204112473565"
"14249","39896","40939","39.1204112473565"
"14250","39896","40940","39.1204112473565"
"14251","39435","40944","57.3068337885388"
"14252","39435","40945","57.3068337885388"
"14253","39435","40946","57.3068337885388"
"14254","40448","40947","19.2250094206483"
"14255","39970","40948","36.3107972010193"
"14256","39970","40949","36.3107972010193"
"14257","40740","40951","7.51654380402761"
"14258","40740","40952","7.51654380402761"
"14259","40891","40954","2.07839186286355"
"14260","40721","40955","8.21788536748409"
"14261","40721","40956","8.21788536748409"
"14262","40522","40957","17.2984668037338"
"14263","40522","40958","17.2984668037338"
"14264","40874","40959","2.88068110714812"
"14265","40824","40966","5.31990675564066"
"14266","40824","40967","5.31990675564066"
"14267","40627","40969","12.1878908814865"
"14268","39322","40974","63.1737762675393"
"14269","40691","40975","10.3040495328578"
"14270","40529","40978","18.0057163334818"
"14271","39998","40979","37.0863379196576"
"14272","40685","40983","11.0828767124149"
"14273","39830","40984","43.6616292197409"
"14274","40632","40985","12.99418300765"
"14275","40632","40986","12.99418300765"
"14276","40632","40987","12.99418300765"
"14277","40632","40988","12.99418300765"
"14278","40632","40989","12.99418300765"
"14279","40632","40990","12.99418300765"
"14280","40632","40991","12.99418300765"
"14281","40486","40992","19.6785422246298"
"14282","40344","40997","26.2919078713448"
"14283","40344","40998","26.2919078713448"
"14284","40344","40999","26.2919078713448"
"14285","40488","41001","20.2022477629603"
"14286","40488","41002","20.2022477629603"
"14287","40488","41003","20.2022477629603"
"14288","40488","41004","20.2022477629603"
"14289","40846","41005","5.57889403244872"
"14290","40846","41006","5.57889403244872"
"14291","40724","41007","10.1055564828157"
"14292","40083","41008","35.1003785998419"
"14293","40935","41011","2.82474935963"
"14294","40320","41012","27.0648929953568"
"14295","40320","41013","27.0648929953568"
"14296","40320","41014","27.0648929953568"
"14297","40712","41015","10.5149073217208"
"14298","40712","41016","10.5149073217208"
"14299","39705","41024","49.9491462240726"
"14300","39705","41025","49.9491462240726"
"14301","40823","41026","7.23380819443173"
"14302","40774","41028","9.1100037500446"
"14303","40774","41029","9.1100037500446"
"14304","40774","41030","9.1100037500446"
"14305","39141","41031","70.2563725983646"
"14306","39141","41032","70.2563725983646"
"14307","40564","41034","17.3188619677344"
"14308","40564","41035","17.3188619677344"
"14309","40759","41036","10.0102965175379"
"14310","40759","41037","10.0102965175379"
"14311","40759","41038","10.0102965175379"
"14312","40679","41039","13.0388059120364"
"14313","40679","41040","13.0388059120364"
"14314","40449","41043","22.7858647689386"
"14315","40845","41044","6.72535063520081"
"14316","40845","41045","6.72535063520081"
"14317","39822","41046","45.5720785281501"
"14318","40743","41050","11.1685975113378"
"14319","40408","41057","24.8864354997831"
"14320","40787","41058","10.0797184168709"
"14321","40607","41059","16.9091768395319"
"14322","40607","41060","16.9091768395319"
"14323","41003","41061","1.91383821077261"
"14324","40390","41062","26.0365887358289"
"14325","40925","41063","4.90312617029394"
"14326","40925","41064","4.90312617029394"
"14327","40204","41065","32.7734090409826"
"14328","40203","41066","32.8755500065677"
"14329","41011","41067","2.24078980070453"
"14330","41011","41068","2.24078980070453"
"14331","41011","41069","2.24078980070453"
"14332","39098","41070","73.4990335092289"
"14333","39098","41071","73.4990335092289"
"14334","40684","41072","14.2563619744615"
"14335","40684","41073","14.2563619744615"
"14336","40684","41074","14.2563619744615"
"14337","40684","41075","14.2563619744615"
"14338","40683","41076","14.3652022434067"
"14339","40683","41077","14.3652022434067"
"14340","40683","41078","14.3652022434067"
"14341","40477","41079","23.2254637095093"
"14342","40477","41080","23.2254637095093"
"14343","40477","41081","23.2254637095093"
"14344","40477","41082","23.2254637095093"
"14345","39885","41083","44.732453022687"
"14346","39885","41084","44.732453022687"
"14347","40630","41085","16.2472533076498"
"14348","40630","41086","16.2472533076498"
"14349","40630","41087","16.2472533076498"
"14350","40630","41088","16.2472533076498"
"14351","40630","41089","16.2472533076498"
"14352","40234","41090","32.0754658290093"
"14353","39702","41091","52.5465367424567"
"14354","39702","41092","52.5465367424567"
"14355","40870","41094","8.00837213750538"
"14356","40196","41098","34.4169757100703"
"14357","40196","41099","34.4169757100703"
"14358","40209","41102","34.0864812428972"
"14359","40364","41103","28.6778593725971"
"14360","40364","41104","28.6778593725971"
"14361","39024","41106","77.3657980337316"
"14362","40765","41107","12.9300967799513"
"14363","40765","41108","12.9300967799513"
"14364","40765","41109","12.9300967799513"
"14365","40765","41110","12.9300967799513"
"14366","41002","41111","3.79070447376989"
"14367","41002","41112","3.79070447376989"
"14368","40490","41113","24.0243890736037"
"14369","39118","41114","74.5666357746354"
"14370","39118","41115","74.5666357746354"
"14371","39118","41116","74.5666357746354"
"14372","40324","41117","30.6848297776178"
"14373","40599","41118","19.7144573705227"
"14374","40599","41119","19.7144573705227"
"14375","40826","41120","10.561767583014"
"14376","40826","41121","10.561767583014"
"14377","40826","41122","10.561767583014"
"14378","40826","41123","10.561767583014"
"14379","40826","41124","10.561767583014"
"14380","40826","41125","10.561767583014"
"14381","40826","41126","10.561767583014"
"14382","40789","41127","12.2776126369681"
"14383","40789","41128","12.2776126369681"
"14384","40789","41129","12.2776126369681"
"14385","40412","41137","27.6077025242294"
"14386","39158","41146","74.1370148152682"
"14387","39158","41147","74.1370148152682"
"14388","40716","41148","15.2551765999096"
"14389","40248","41154","34.1813668808013"
"14390","40248","41155","34.1813668808013"
"14391","39059","41156","77.3753824291784"
"14392","40883","41157","9.38450416201022"
"14393","40257","41159","33.9565345767373"
"14394","40603","41160","20.6981734180872"
"14395","40603","41161","20.6981734180872"
"14396","39125","41162","75.8546625340928"
"14397","40547","41163","22.7216405603172"
"14398","40547","41164","22.7216405603172"
"14399","40223","41165","35.1512841453887"
"14400","40223","41166","35.1512841453887"
"14401","39844","41167","49.2719352638019"
"14402","39844","41168","49.2719352638019"
"14403","39844","41169","49.2719352638019"
"14404","39844","41170","49.2719352638019"
"14405","39844","41171","49.2719352638019"
"14406","39849","41172","49.2051450496047"
"14407","40211","41173","36.0400031898716"
"14408","40426","41174","28.5907659128306"
"14409","40426","41175","28.5907659128306"
"14410","40430","41177","28.1871307325041"
"14411","40214","41178","36.2288020236811"
"14412","40214","41179","36.2288020236811"
"14413","40214","41180","36.2288020236811"
"14414","40873","41181","10.5962191238132"
"14415","39960","41182","45.2103605751631"
"14416","39960","41183","45.2103605751631"
"14417","40729","41184","16.0622569166176"
"14418","40957","41185","7.77361816156099"
"14419","40602","41191","21.6245122734158"
"14420","40602","41192","21.6245122734158"
"14421","40602","41193","21.6245122734158"
"14422","40892","41194","10.1191134493088"
"14423","40886","41199","10.323812601092"
"14424","40880","41200","10.5653825591194"
"14425","40578","41201","22.492987541656"
"14426","40119","41202","40.2954422794619"
"14427","40319","41203","33.3709154619723"
"14428","39143","41204","76.2750352883413"
"14429","39143","41205","76.2750352883413"
"14430","39143","41206","76.2750352883413"
"14431","39143","41207","76.2750352883413"
"14432","39143","41208","76.2750352883413"
"14433","38748","41210","90.1399461780434"
"14434","39907","41211","47.8713464004804"
"14435","39907","41212","47.8713464004804"
"14436","39907","41213","47.8713464004804"
"14437","39907","41214","47.8713464004804"
"14438","39907","41215","47.8713464004804"
"14439","40782","41216","15.3590962512153"
"14440","40131","41223","40.3198082518752"
"14441","40940","41230","9.68657198298069"
"14442","40768","41231","16.3946052242432"
"14443","40949","41238","10.1438132141579"
"14444","40754","41241","17.3763135608683"
"14445","40754","41242","17.3763135608683"
"14446","40648","41245","21.0596684409707"
"14447","40641","41247","21.3352882254953"
"14448","40641","41248","21.3352882254953"
"14449","40641","41249","21.3352882254953"
"14450","40948","41250","10.5266906369188"
"14451","40948","41251","10.5266906369188"
"14452","40948","41252","10.5266906369188"
"14453","40539","41253","26.0263417236583"
"14454","40539","41254","26.0263417236583"
"14455","40539","41255","26.0263417236583"
"14456","40539","41256","26.0263417236583"
"14457","40608","41257","23.2907304860751"
"14458","40608","41258","23.2907304860751"
"14459","40459","41260","29.7408993419117"
"14460","40459","41261","29.7408993419117"
"14461","41080","41262","5.74817392104296"
"14462","41191","41263","2.26777622294094"
"14463","41191","41264","2.26777622294094"
"14464","41191","41265","2.26777622294094"
"14465","41191","41266","2.26777622294094"
"14466","41191","41267","2.26777622294094"
"14467","40293","41268","35.69931950504"
"14468","40293","41269","35.69931950504"
"14469","40322","41270","35.3655032168499"
"14470","40322","41271","35.3655032168499"
"14471","40322","41272","35.3655032168499"
"14472","40322","41273","35.3655032168499"
"14473","40915","41279","11.963045603532"
"14474","40909","41282","12.2193974377656"
"14475","40967","41283","10.3863508251111"
"14476","40540","41284","26.6166211597601"
"14477","40540","41285","26.6166211597601"
"14478","40254","41286","37.8347102361308"
"14479","40689","41287","20.2701604451777"
"14480","40689","41288","20.2701604451777"
"14481","40689","41289","20.2701604451777"
"14482","40761","41290","18.3174529963098"
"14483","40761","41291","18.3174529963098"
"14484","40910","41292","12.6195250600404"
"14485","40791","41293","17.4480517289703"
"14486","40791","41294","17.4480517289703"
"14487","40791","41295","17.4480517289703"
"14488","40791","41296","17.4480517289703"
"14489","41115","41297","5.321241517217"
"14490","40753","41298","18.750481083373"
"14491","41037","41299","8.57877502442579"
"14492","40601","41300","25.0845587708741"
"14493","40601","41301","25.0845587708741"
"14494","40601","41302","25.0845587708741"
"14495","40601","41303","25.0845587708741"
"14496","40814","41304","17.4480819483088"
"14497","40255","41307","38.816936352604"
"14498","40649","41308","23.1144713267463"
"14499","40649","41309","23.1144713267463"
"14500","40649","41310","23.1144713267463"
"14501","40649","41311","23.1144713267463"
"14502","40649","41312","23.1144713267463"
"14503","40795","41314","18.4553467063479"
"14504","40876","41318","15.012472070081"
"14505","40788","41319","18.8800743103111"
"14506","40438","41322","32.6870133056564"
"14507","40438","41323","32.6870133056564"
"14508","40856","41324","15.8552153244204"
"14509","41074","41328","8.60903401934411"
"14510","41074","41329","8.60903401934411"
"14511","40657","41330","24.1250512657894"
"14512","40657","41331","24.1250512657894"
"14513","40777","41337","20.0874645701069"
"14514","40777","41338","20.0874645701069"
"14515","40032","41339","48.2960024074578"
"14516","40032","41340","48.2960024074578"
"14517","40032","41341","48.2960024074578"
"14518","40519","41342","30.6272054175138"
"14519","40800","41343","19.611510203049"
"14520","40800","41344","19.611510203049"
"14521","40926","41345","14.6143623071298"
"14522","40926","41346","14.6143623071298"
"14523","40926","41347","14.6143623071298"
"14524","41180","41350","5.96787971341291"
"14525","40984","41351","12.5604913325524"
"14526","40984","41352","12.5604913325524"
"14527","40794","41354","20.3094087654322"
"14528","40794","41355","20.3094087654322"
"14529","40794","41356","20.3094087654322"
"14530","40095","41357","46.6956324513885"
"14531","40095","41358","46.6956324513885"
"14532","40095","41359","46.6956324513885"
"14533","40095","41360","46.6956324513885"
"14534","41172","41361","6.51937896457957"
"14535","41091","41362","9.32624685338533"
"14536","41091","41363","9.32624685338533"
"14537","40323","41364","38.9392142879797"
"14538","40822","41365","19.1233665527652"
"14539","41304","41366","2.40795457599279"
"14540","40922","41367","15.2060218374954"
"14541","40922","41368","15.2060218374954"
"14542","41025","41369","12.0804721051541"
"14543","41025","41370","12.0804721051541"
"14544","40766","41371","21.5969727025918"
"14545","40766","41372","21.5969727025918"
"14546","39037","41376","86.2609354666274"
"14547","39037","41377","86.2609354666274"
"14548","39037","41378","86.2609354666274"
"14549","40871","41379","17.6647508952469"
"14550","40871","41380","17.6647508952469"
"14551","40871","41381","17.6647508952469"
"14552","40871","41382","17.6647508952469"
"14553","40869","41383","18.0652435081361"
"14554","40869","41384","18.0652435081361"
"14555","40869","41385","18.0652435081361"
"14556","40869","41386","18.0652435081361"
"14557","40869","41387","18.0652435081361"
"14558","40869","41388","18.0652435081361"
"14559","40869","41389","18.0652435081361"
"14560","40869","41390","18.0652435081361"
"14561","40869","41391","18.0652435081361"
"14562","41200","41392","7.09137613121038"
"14563","40739","41394","23.2106112448691"
"14564","40739","41395","23.2106112448691"
"14565","41122","41396","9.61308158684369"
"14566","41014","41399","13.6140478892812"
"14567","41065","41404","11.6621812462486"
"14568","40028","41405","50.8401015031386"
"14569","40855","41408","19.046202305768"
"14570","40855","41409","19.046202305768"
"14571","40855","41410","19.046202305768"
"14572","40855","41411","19.046202305768"
"14573","40855","41412","19.046202305768"
"14574","40855","41413","19.046202305768"
"14575","40979","41415","14.8118489443336"
"14576","40979","41416","14.8118489443336"
"14577","40979","41417","14.8118489443336"
"14578","40680","41418","26.355319761461"
"14579","40680","41419","26.355319761461"
"14580","40680","41420","26.355319761461"
"14581","40220","41425","44.2432298050053"
"14582","41230","41427","7.34443998313009"
"14583","41082","41429","11.9652003782935"
"14584","41212","41432","8.14163085172322"
"14585","40736","41434","24.6667521883751"
"14586","41032","41435","14.5773206916806"
"14587","40189","41436","46.1187377176566"
"14588","40917","41439","18.1647022550137"
"14589","40917","41440","18.1647022550137"
"14590","40917","41441","18.1647022550137"
"14591","40917","41442","18.1647022550137"
"14592","41210","41443","8.61627895631636"
"14593","41210","41444","8.61627895631636"
"14594","41210","41445","8.61627895631636"
"14595","41210","41446","8.61627895631636"
"14596","41210","41447","8.61627895631636"
"14597","41154","41448","9.99933205696107"
"14598","41154","41449","9.99933205696107"
"14599","40482","41450","35.5166511663206"
"14600","39856","41451","58.4063267657384"
"14601","39856","41452","58.4063267657384"
"14602","40298","41453","42.5841055945248"
"14603","40999","41454","15.5178515874591"
"14604","40999","41455","15.5178515874591"
"14605","39372","41456","78.4294437743451"
"14606","41068","41461","13.1744830553889"
"14607","41068","41462","13.1744830553889"
"14608","41068","41463","13.1744830553889"
"14609","41068","41464","13.1744830553889"
"14610","41290","41465","6.50958014723801"
"14611","41290","41466","6.50958014723801"
"14612","40180","41469","47.3943633457766"
"14613","40216","41470","46.3379828585576"
"14614","41293","41471","6.78016443549404"
"14615","39530","41472","72.6090043671629"
"14616","39530","41473","72.6090043671629"
"14617","39530","41474","72.6090043671629"
"14618","39530","41475","72.6090043671629"
"14619","40665","41478","28.9104911859836"
"14620","40931","41479","19.0613983184685"
"14621","40931","41480","19.0613983184685"
"14622","40931","41481","19.0613983184685"
"14623","40931","41482","19.0613983184685"
"14624","40931","41483","19.0613983184685"
"14625","40931","41484","19.0613983184685"
"14626","41283","41485","7.46249742336158"
"14627","41283","41486","7.46249742336158"
"14628","39469","41488","74.7626593122523"
"14629","40640","41490","29.7070572808425"
"14630","40640","41491","29.7070572808425"
"14631","41346","41492","4.77672247573082"
"14632","40844","41493","22.203165279599"
"14633","39553","41494","72.2241840208144"
"14634","41129","41495","12.7843244547535"
"14635","40919","41496","19.9529505263554"
"14636","40251","41500","45.9248038255901"
"14637","40251","41501","45.9248038255901"
"14638","41088","41503","14.4196019929655"
"14639","41088","41504","14.4196019929655"
"14640","41088","41505","14.4196019929655"
"14641","41015","41506","16.9845872188921"
"14642","41015","41507","16.9845872188921"
"14643","40986","41509","17.7379086461001"
"14644","40986","41510","17.7379086461001"
"14645","39988","41511","55.4370991038559"
"14646","39988","41512","55.4370991038559"
"14647","40087","41513","52.4171187454235"
"14648","41163","41519","12.183482742118"
"14649","41163","41520","12.183482742118"
"14650","41163","41521","12.183482742118"
"14651","41341","41522","6.08753308666064"
"14652","41319","41523","7.08428460642835"
"14653","41319","41524","7.08428460642835"
"14654","41319","41525","7.08428460642835"
"14655","41319","41526","7.08428460642835"
"14656","40908","41528","21.2512315514746"
"14657","41114","41531","14.0730261503836"
"14658","41114","41532","14.0730261503836"
"14659","40589","41534","34.0905943635216"
"14660","40428","41535","41.0220839346848"
"14661","38874","41536","96.967254613864"
"14662","41323","41537","7.82584140642621"
"14663","41323","41538","7.82584140642621"
"14664","41202","41539","12.1378104187424"
"14665","40944","41540","21.0504305402751"
"14666","40944","41541","21.0504305402751"
"14667","41016","41542","18.3802946691699"
"14668","40099","41543","53.2685131206849"
"14669","40099","41544","53.2685131206849"
"14670","40591","41546","34.546470886005"
"14671","41272","41547","10.1850714426819"
"14672","41307","41548","8.72022592754729"
"14673","40525","41549","37.769694214523"
"14674","40815","41551","26.4665395993006"
"14675","39587","41555","73.5203226320441"
"14676","41104","41557","15.2226973947531"
"14677","41104","41558","15.2226973947531"
"14678","41194","41559","12.8530233460374"
"14679","41194","41560","12.8530233460374"
"14680","40750","41561","28.694051310541"
"14681","41361","41566","7.21891257146717"
"14682","41361","41567","7.21891257146717"
"14683","37672","41568","144.837038452138"
"14684","40694","41569","30.1425639793038"
"14685","41089","41570","16.6372337989014"
"14686","41267","41571","11.0176939887442"
"14687","40985","41573","20.1415177081235"
"14688","37674","41574","145.155157273223"
"14689","37674","41575","145.155157273223"
"14690","41123","41576","15.7037290291278"
"14691","41123","41577","15.7037290291278"
"14692","41123","41578","15.7037290291278"
"14693","41123","41580","15.7037290291278"
"14694","41123","41581","15.7037290291278"
"14695","39034","41582","93.1983830082058"
"14696","41474","41583","3.8011382251234"
"14697","41474","41584","3.8011382251234"
"14698","41474","41585","3.8011382251234"
"14699","41175","41586","14.0863545950515"
"14700","40895","41587","23.7614619202946"
"14701","40895","41588","23.7614619202946"
"14702","40352","41595","45.7919044632131"
"14703","40352","41596","45.7919044632131"
"14704","40352","41597","45.7919044632131"
"14705","40854","41598","25.1792029205399"
"14706","40854","41599","25.1792029205399"
"14707","41216","41600","13.2581233912447"
"14708","41204","41601","13.7110459420282"
"14709","41204","41602","13.7110459420282"
"14710","40808","41603","27.9932132750773"
"14711","40424","41604","43.1794270510532"
"14712","40424","41605","43.1794270510532"
"14713","41211","41612","13.8902177327786"
"14714","41486","41613","4.3288522581488"
"14715","41486","41614","4.3288522581488"
"14716","41371","41615","8.44810452685351"
"14717","40992","41618","21.4232859421882"
"14718","41339","41619","9.51552590548954"
"14719","41339","41620","9.51552590548954"
"14720","41339","41621","9.51552590548954"
"14721","40867","41622","25.8358742197447"
"14722","40439","41625","43.5441064457127"
"14723","39739","41629","69.7447396183434"
"14724","39739","41630","69.7447396183434"
"14725","39739","41631","69.7447396183434"
"14726","39739","41632","69.7447396183434"
"14727","41386","41633","8.34508280516684"
"14728","40898","41634","25.648650945463"
"14729","40921","41635","24.6557342290353"
"14730","41560","41636","2.85972312523427"
"14731","41560","41637","2.85972312523427"
"14732","41408","41638","7.90241243589571"
"14733","40958","41642","23.9076020292691"
"14734","40958","41643","23.9076020292691"
"14735","40958","41644","23.9076020292691"
"14736","40958","41645","23.9076020292691"
"14737","40958","41646","23.9076020292691"
"14738","41121","41647","18.2707376360722"
"14739","41520","41648","4.73925047941884"
"14740","41071","41650","20.0021432829976"
"14741","41344","41651","10.906428514736"
"14742","41344","41652","10.906428514736"
"14743","41510","41653","5.39020891814789"
"14744","41510","41654","5.39020891814789"
"14745","38542","41660","114.409636711662"
"14746","40954","41661","24.7584563837258"
"14747","40954","41662","24.7584563837258"
"14748","40954","41663","24.7584563837258"
"14749","40954","41664","24.7584563837258"
"14750","41295","41665","13.6427683273896"
"14751","40310","41668","50.0456813603296"
"14752","40310","41669","50.0456813603296"
"14753","40310","41670","50.0456813603296"
"14754","40310","41671","50.0456813603296"
"14755","40932","41672","25.7450338748195"
"14756","39978","41674","61.3497951692848"
"14757","39978","41675","61.3497951692848"
"14758","41181","41676","17.0869586698932"
"14759","41181","41677","17.0869586698932"
"14760","41181","41678","17.0869586698932"
"14761","41258","41679","14.8794887159233"
"14762","41258","41680","14.8794887159233"
"14763","40952","41681","25.5474527747119"
"14764","40441","41683","45.4097822849176"
"14765","40441","41684","45.4097822849176"
"14766","41318","41685","13.039185902232"
"14767","41318","41686","13.039185902232"
"14768","41268","41688","15.3249205300049"
"14769","41268","41689","15.3249205300049"
"14770","41268","41690","15.3249205300049"
"14771","40389","41691","47.9122648653529"
"14772","40389","41692","47.9122648653529"
"14773","40811","41693","31.5539210270831"
"14774","40758","41694","33.1742647639344"
"14775","40758","41695","33.1742647639344"
"14776","40758","41696","33.1742647639344"
"14777","41366","41701","11.7296306019166"
"14778","40508","41702","43.7529663361402"
"14779","40508","41703","43.7529663361402"
"14780","41347","41704","12.3300520834428"
"14781","40812","41706","31.8526647076651"
"14782","41173","41710","18.7993653364833"
"14783","41173","41711","18.7993653364833"
"14784","40859","41712","29.547953749211"
"14785","41541","41713","6.05219072577074"
"14786","41541","41714","6.05219072577074"
"14787","41382","41715","11.7487794656931"
"14788","41060","41716","22.8687593824798"
"14789","41060","41717","22.8687593824798"
"14790","41060","41718","22.8687593824798"
"14791","41060","41719","22.8687593824798"
"14792","41060","41720","22.8687593824798"
"14793","41060","41721","22.8687593824798"
"14794","40395","41722","48.8585483606221"
"14795","40395","41723","48.8585483606221"
"14796","41099","41727","21.5775709957056"
"14797","41324","41728","14.2571267354447"
"14798","41324","41729","14.2571267354447"
"14799","41126","41730","21.0453342219794"
"14800","41126","41731","21.0453342219794"
"14801","40748","41732","34.9234124520858"
"14802","40998","41733","25.641543404106"
"14803","39456","41734","84.4739749700407"
"14804","39456","41735","84.4739749700407"
"14805","39456","41736","84.4739749700407"
"14806","38614","41744","114.758761999709"
"14807","41416","41747","11.8411017495337"
"14808","40197","41748","56.9431657813861"
"14809","40197","41749","56.9431657813861"
"14810","41534","41750","7.79094516287887"
"14811","40520","41753","45.350339644207"
"14812","40520","41754","45.350339644207"
"14813","41461","41755","10.7168750087721"
"14814","41634","41756","4.54887407861497"
"14815","41634","41757","4.54887407861497"
"14816","41634","41758","4.54887407861497"
"14817","41067","41759","23.9335005545636"
"14818","41473","41764","10.4020463600837"
"14819","40082","41770","61.7981357735935"
"14820","41583","41772","6.98103764907273"
"14821","41583","41773","6.98103764907273"
"14822","41288","41774","17.8004063988546"
"14823","40480","41775","47.2767454523114"
"14824","40974","41776","28.0215902629702"
"14825","41701","41777","2.99095953707547"
"14826","40893","41779","31.0597506590611"
"14827","41614","41784","6.92155423913573"
"14828","41614","41785","6.92155423913573"
"14829","41308","41786","17.434996453308"
"14830","41308","41787","17.434996453308"
"14831","41308","41788","17.434996453308"
"14832","41695","41789","3.60905784675151"
"14833","41695","41790","3.60905784675151"
"14834","41631","41791","6.02108160912076"
"14835","41631","41792","6.02108160912076"
"14836","41370","41794","15.4547026361997"
"14837","39692","41797","78.0516014015643"
"14838","39692","41798","78.0516014015643"
"14839","39692","41799","78.0516014015643"
"14840","39692","41800","78.0516014015643"
"14841","40166","41801","59.7516576030707"
"14842","40718","41802","38.3240698745703"
"14843","40718","41803","38.3240698745703"
"14844","40718","41804","38.3240698745703"
"14845","41231","41805","20.9004031771465"
"14846","41231","41806","20.9004031771465"
"14847","41582","41812","9.00258589065788"
"14848","41582","41813","9.00258589065788"
"14849","41504","41815","11.7967549040673"
"14850","40847","41816","34.5349354594173"
"14851","39765","41817","75.7786897500846"
"14852","41436","41818","14.039494736322"
"14853","41312","41819","19.1290517922985"
"14854","41717","41820","4.61152073639369"
"14855","41717","41821","4.61152073639369"
"14856","41512","41822","12.0292536434249"
"14857","40654","41823","42.4504293715099"
"14858","40654","41824","42.4504293715099"
"14859","40391","41830","53.5671583530161"
"14860","41343","41831","18.0764873085086"
"14861","41343","41832","18.0764873085086"
"14862","41343","41833","18.0764873085086"
"14863","41618","41834","8.86209793450325"
"14864","41256","41840","21.6783742260918"
"14865","41249","41841","21.7754893701986"
"14866","41249","41842","21.7754893701986"
"14867","40741","41843","39.6885939099948"
"14868","41792","41844","2.30089055060398"
"14869","41792","41845","2.30089055060398"
"14870","41506","41846","12.8220809362833"
"14871","41506","41847","12.8220809362833"
"14872","41384","41848","16.7401185483486"
"14873","41537","41850","11.7454348890242"
"14874","41664","41853","7.64733181814381"
"14875","41664","41854","7.64733181814381"
"14876","40116","41855","64.5951288991619"
"14877","40675","41856","42.9103982540892"
"14878","40675","41857","42.9103982540892"
"14879","41155","41858","25.5206569969578"
"14880","41155","41859","25.5206569969578"
"14881","41155","41860","25.5206569969578"
"14882","41155","41861","25.5206569969578"
"14883","41155","41862","25.5206569969578"
"14884","41155","41863","25.5206569969578"
"14885","41155","41864","25.5206569969578"
"14886","41155","41865","25.5206569969578"
"14887","41155","41866","25.5206569969578"
"14888","41155","41867","25.5206569969578"
"14889","41155","41868","25.5206569969578"
"14890","41117","41872","27.045599641322"
"14891","41117","41873","27.045599641322"
"14892","41505","41876","13.9418511012227"
"14893","41505","41877","13.9418511012227"
"14894","41471","41878","15.2151487529459"
"14895","41471","41879","15.2151487529459"
"14896","38304","41880","132.090248107029"
"14897","38304","41881","132.090248107029"
"14898","38304","41882","132.090248107029"
"14899","40975","41883","32.3123981508129"
"14900","40975","41884","32.3123981508129"
"14901","40983","41885","31.9911911613676"
"14902","41538","41886","12.9787046356228"
"14903","41250","41887","23.2661552197651"
"14904","41250","41888","23.2661552197651"
"14905","38973","41890","107.429539772063"
"14906","40730","41893","41.5566505286879"
"14907","41822","41896","2.50150352859055"
"14908","41388","41902","18.9992041703672"
"14909","41388","41903","18.9992041703672"
"14910","41388","41904","18.9992041703672"
"14911","41388","41905","18.9992041703672"
"14912","41388","41906","18.9992041703672"
"14913","41540","41907","13.7901362462399"
"14914","41124","41908","28.3988958512191"
"14915","41365","41909","20.4330708045359"
"14916","40848","41911","38.4414972525192"
"14917","41647","41912","10.7224961897277"
"14918","41727","41915","8.2274674037194"
"14919","41727","41916","8.2274674037194"
"14920","40453","41917","54.6869244359714"
"14921","41576","41918","13.6074148600796"
"14922","41262","41919","24.9490398251014"
"14923","41262","41920","24.9490398251014"
"14924","40637","41921","46.6778725514519"
"14925","41535","41922","15.2585354786365"
"14926","41535","41923","15.2585354786365"
"14927","41535","41924","15.2585354786365"
"14928","41535","41925","15.2585354786365"
"14929","39541","41926","89.6515081255966"
"14930","39541","41927","89.6515081255966"
"14931","41719","41928","8.86877948404162"
"14932","41380","41929","20.6276223528171"
"14933","41671","41930","10.6854309499286"
"14934","41671","41931","10.6854309499286"
"14935","41571","41932","14.2457245298765"
"14936","41571","41933","14.2457245298765"
"14937","40562","41934","50.6145859778276"
"14938","40562","41935","50.6145859778276"
"14939","40562","41936","50.6145859778276"
"14940","41753","41937","7.81994907074522"
"14941","39493","41941","91.8682331391547"
"14942","41652","41942","11.9527089937437"
"14943","41652","41943","11.9527089937437"
"14944","41652","41944","11.9527089937437"
"14945","41652","41945","11.9527089937437"
"14946","41652","41946","11.9527089937437"
"14947","41286","41947","25.9963167133274"
"14948","41395","41948","21.5313874737467"
"14949","40945","41953","37.6739547508496"
"14950","41615","41954","14.2982530350982"
"14951","41615","41955","14.2982530350982"
"14952","41615","41956","14.2982530350982"
"14953","41615","41957","14.2982530350982"
"14954","41615","41958","14.2982530350982"
"14955","41642","41961","13.074947775111"
"14956","41026","41962","35.0073928383772"
"14957","41026","41963","35.0073928383772"
"14958","41026","41964","35.0073928383772"
"14959","41786","41965","7.83813918747273"
"14960","41817","41966","6.37353433214184"
"14961","40661","41968","48.1529391484301"
"14962","40661","41969","48.1529391484301"
"14963","41061","41970","33.5493956129603"
"14964","41013","41973","35.764829834563"
"14965","41213","41978","29.3808440148828"
"14966","41213","41979","29.3808440148828"
"14967","41213","41980","29.3808440148828"
"14968","41213","41981","29.3808440148828"
"14969","41213","41982","29.3808440148828"
"14970","41213","41983","29.3808440148828"
"14971","40927","41985","39.0474345163689"
"14972","41469","41992","20.3805806729856"
"14973","41676","41993","13.2518999585"
"14974","41676","41994","13.2518999585"
"14975","41043","41995","35.3264118638317"
"14976","41103","41996","32.7023855087309"
"14977","41103","41997","32.7023855087309"
"14978","41103","41998","32.7023855087309"
"14979","41844","41999","6.49814051099202"
"14980","41798","42000","8.6119362076256"
"14981","41412","42001","22.7018832038302"
"14982","41842","42003","6.87189282088684"
"14983","41842","42004","6.87189282088684"
"14984","41171","42007","31.6327899470916"
"14985","41462","42008","21.6154769982095"
"14986","41853","42009","6.76825061507725"
"14987","41621","42010","16.2775141736424"
"14988","41650","42011","14.962965928753"
"14989","41683","42012","13.9588674014726"
"14990","41683","42013","13.9588674014726"
"14991","41376","42015","24.7678493267895"
"14992","41376","42016","24.7678493267895"
"14993","41376","42017","24.7678493267895"
"14994","41876","42018","6.5490784416088"
"14995","41040","42022","36.8645709697307"
"14996","41831","42023","8.13100967931632"
"14997","41668","42024","15.0077648286342"
"14998","41668","42025","15.0077648286342"
"14999","41813","42027","9.21917611634808"
"15000","41813","42028","9.21917611634808"
"15001","41985","42029","1.81041520360804"
"15002","41985","42030","1.81041520360804"
"15003","41985","42031","1.81041520360804"
"15004","41300","42032","28.5154561770469"
"15005","41300","42033","28.5154561770469"
"15006","41351","42035","26.38244991385"
"15007","41630","42037","16.7651418331438"
"15008","40790","42038","46.7029348595775"
"15009","40790","42039","46.7029348595775"
"15010","40790","42040","46.7029348595775"
"15011","41749","42045","12.7657989633358"
"15012","41921","42046","5.36547108743116"
"15013","41076","42047","36.2089255498931"
"15014","41076","42048","36.2089255498931"
"15015","41076","42049","36.2089255498931"
"15016","41680","42051","15.7468642089175"
"15017","41729","42052","13.9901089365276"
"15018","41729","42053","13.9901089365276"
"15019","41645","42054","16.9866055443304"
"15020","39548","42055","95.3964946268229"
"15021","39548","42056","95.3964946268229"
"15022","41779","42057","12.3321586373763"
"15023","41779","42058","12.3321586373763"
"15024","41779","42059","12.3321586373763"
"15025","41491","42062","23.1042358257887"
"15026","41271","42063","31.0669431274314"
"15027","41271","42064","31.0669431274314"
"15028","41271","42065","31.0669431274314"
"15029","41260","42067","31.3066260705177"
"15030","41662","42073","16.9523006231275"
"15031","41561","42079","20.6882078751428"
"15032","41561","42080","20.6882078751428"
"15033","41744","42081","13.9690319393726"
"15034","41744","42082","13.9690319393726"
"15035","41744","42083","13.9690319393726"
"15036","41843","42084","9.88643179446808"
"15037","41843","42085","9.88643179446808"
"15038","40990","42086","40.4225598343137"
"15039","40990","42087","40.4225598343137"
"15040","40990","42088","40.4225598343137"
"15041","40997","42092","40.4332415825966"
"15042","41643","42093","18.1152713438191"
"15043","41702","42096","16.3403538773705"
"15044","41201","42104","34.4101875895981"
"15045","41548","42105","22.0591108632734"
"15046","41548","42106","22.0591108632734"
"15047","41581","42110","21.1479585110219"
"15048","41581","42111","21.1479585110219"
"15049","41581","42112","21.1479585110219"
"15050","41581","42113","21.1479585110219"
"15051","41776","42116","13.9365384030316"
"15052","41164","42117","35.5800853828846"
"15053","36517","42118","209.509599780195"
"15054","42012","42119","3.58664993652474"
"15055","42012","42120","3.58664993652474"
"15056","42012","42121","3.58664993652474"
"15057","42012","42122","3.58664993652474"
"15058","42012","42123","3.58664993652474"
"15059","41182","42124","35.1276761650961"
"15060","40629","42125","54.6666423720985"
"15061","40629","42126","54.6666423720985"
"15062","40629","42127","54.6666423720985"
"15063","41714","42128","16.6834772384386"
"15064","41714","42129","16.6834772384386"
"15065","41714","42130","16.6834772384386"
"15066","38836","42131","121.205817166637"
"15067","41770","42132","14.8005961560621"
"15068","41770","42133","14.8005961560621"
"15069","41770","42134","14.8005961560621"
"15070","41059","42135","39.8205532247352"
"15071","41001","42136","41.8137711591985"
"15072","41001","42137","41.8137711591985"
"15073","41001","42138","41.8137711591985"
"15074","41001","42139","41.8137711591985"
"15075","41001","42140","41.8137711591985"
"15076","41001","42141","41.8137711591985"
"15077","41001","42142","41.8137711591985"
"15078","41812","42145","13.2287407476633"
"15079","41712","42146","17.4627341353566"
"15080","41712","42147","17.4627341353566"
"15081","41681","42148","18.709035577499"
"15082","41944","42150","7.7512561928279"
"15083","41296","42155","33.0950811076432"
"15084","41908","42156","9.91579507501547"
"15085","41908","42157","9.91579507501547"
"15086","41908","42158","9.91579507501547"
"15087","40923","42159","45.3065235999425"
"15088","40923","42160","45.3065235999425"
"15089","41284","42167","33.9564051012494"
"15090","41284","42168","33.9564051012494"
"15091","41797","42169","14.8409730608346"
"15092","40738","42170","52.5602960016322"
"15093","40738","42171","52.5602960016322"
"15094","41805","42173","14.7726954397272"
"15095","41896","42180","11.4104232460181"
"15096","41896","42181","11.4104232460181"
"15097","41896","42182","11.4104232460181"
"15098","41072","42183","40.8107925399818"
"15099","41551","42185","24.3701811827041"
"15100","40442","42186","65.4841744411151"
"15101","40442","42187","65.4841744411151"
"15102","40442","42188","65.4841744411151"
"15103","40959","42189","45.2375883324366"
"15104","40959","42190","45.2375883324366"
"15105","41629","42191","21.9083988641332"
"15106","41629","42192","21.9083988641332"
"15107","41774","42193","16.8508130452528"
"15108","41774","42194","16.8508130452528"
"15109","41904","42195","11.3507137137826"
"15110","41904","42196","11.3507137137826"
"15111","41434","42198","29.3652714435352"
"15112","41434","42199","29.3652714435352"
"15113","41434","42200","29.3652714435352"
"15114","41660","42201","21.6248447974431"
"15115","41544","42202","25.7391393846824"
"15116","41544","42203","25.7391393846824"
"15117","41544","42204","25.7391393846824"
"15118","41544","42205","25.7391393846824"
"15119","41915","42206","11.2704574608256"
"15120","41298","42207","35.3486865473201"
"15121","41298","42208","35.3486865473201"
"15122","42104","42209","3.94779358219648"
"15123","41800","42210","16.7783199981341"
"15124","41800","42211","16.7783199981341"
"15125","40245","42212","73.8678828980969"
"15126","39000","42213","119.823256291936"
"15127","39000","42214","119.823256291936"
"15128","41785","42215","17.3783183547494"
"15129","41785","42216","17.3783183547494"
"15130","41446","42220","29.8399995147051"
"15131","41873","42221","14.1607165160613"
"15132","41873","42222","14.1607165160613"
"15133","42111","42223","4.37888133201886"
"15134","41931","42224","11.7368415579922"
"15135","41931","42225","11.7368415579922"
"15136","41998","42226","8.88615171648871"
"15137","41661","42230","22.658981984513"
"15138","41880","42232","14.4325058548211"
"15139","41880","42233","14.4325058548211"
"15140","41880","42234","14.4325058548211"
"15141","40951","42235","48.0623161606627"
"15142","40951","42236","48.0623161606627"
"15143","41856","42237","15.2697626376298"
"15144","41493","42238","29.381684606969"
"15145","41493","42239","29.381684606969"
"15146","41493","42240","29.381684606969"
"15147","41447","42241","31.0003560874043"
"15148","41447","42242","31.0003560874043"
"15149","41447","42243","31.0003560874043"
"15150","41447","42244","31.0003560874043"
"15151","37589","42245","175.286535881408"
"15152","41481","42246","30.1834398363571"
"15153","41481","42247","30.1834398363571"
"15154","41549","42248","27.6965483150807"
"15155","39914","42251","87.5994145795044"
"15156","39914","42252","87.5994145795044"
"15157","42221","42256","1.92925281713588"
"15158","42116","42258","6.32118637766825"
"15159","40492","42259","67.3082005966025"
"15160","40492","42260","67.3082005966025"
"15161","40091","42261","82.2672909832868"
"15162","40091","42262","82.2672909832868"
"15163","41881","42263","16.0763560374885"
"15164","41978","42264","11.4133149745599"
"15165","41978","42265","11.4133149745599"
"15166","40829","42270","54.0781398737108"
"15167","41787","42272","20.0856064101131"
"15168","41787","42273","20.0856064101131"
"15169","42167","42274","4.83724359355119"
"15170","42167","42275","4.83724359355119"
"15171","42180","42281","4.56337977793919"
"15172","42180","42282","4.56337977793919"
"15173","42180","42283","4.56337977793919"
"15174","41840","42284","17.913071376227"
"15175","42053","42285","8.81510872729723"
"15176","41399","42286","34.1044233780958"
"15177","41399","42287","34.1044233780958"
"15178","41399","42288","34.1044233780958"
"15179","41183","42289","41.9423091917515"
"15180","42011","42290","10.7521991822905"
"15181","41934","42291","14.19982122292"
"15182","41905","42292","15.8475837845849"
"15183","41962","42293","12.9273284001479"
"15184","41633","42297","26.6830856914798"
"15185","42056","42298","9.0507070116214"
"15186","41199","42299","42.3437943619624"
"15187","41199","42300","42.3437943619624"
"15188","41777","42303","21.6499009275112"
"15189","42038","42305","10.2600140505197"
"15190","41941","42310","14.5661390747787"
"15191","41941","42311","14.5661390747787"
"15192","37751","42313","172.293588705067"
"15193","42039","42314","10.7309442354776"
"15194","40885","42315","53.3977516872455"
"15195","42059","42316","9.91063114969938"
"15196","42059","42317","9.91063114969938"
"15197","41612","42318","28.8805982220974"
"15198","42251","42319","2.48501150570019"
"15199","41390","42320","36.1838058219332"
"15200","41390","42321","36.1838058219332"
"15201","41390","42322","36.1838058219332"
"15202","42189","42323","6.00489427054117"
"15203","42189","42324","6.00489427054117"
"15204","42189","42325","6.00489427054117"
"15205","42189","42326","6.00489427054117"
"15206","42189","42327","6.00489427054117"
"15207","41159","42331","44.6239903574169"
"15208","41159","42332","44.6239903574169"
"15209","41773","42333","23.2441981246784"
"15210","41773","42334","23.2441981246784"
"15211","42124","42335","8.92174862711863"
"15212","42124","42336","8.92174862711863"
"15213","41999","42339","13.7319307450293"
"15214","42013","42340","12.9018898088739"
"15215","41775","42341","23.4852566115778"
"15216","41177","42345","44.7284318065067"
"15217","41289","42346","41.5213331714672"
"15218","42188","42350","7.09001940686903"
"15219","41435","42358","35.8072248892508"
"15220","41147","42359","45.8942155764748"
"15221","41147","42360","45.8942155764748"
"15222","41147","42361","45.8942155764748"
"15223","41147","42362","45.8942155764748"
"15224","41147","42363","45.8942155764748"
"15225","41147","42364","45.8942155764748"
"15226","41147","42365","45.8942155764748"
"15227","39316","42366","115.378804464827"
"15228","39316","42367","115.378804464827"
"15229","39316","42368","115.378804464827"
"15230","39316","42369","115.378804464827"
"15231","41970","42372","15.5618795056398"
"15232","41970","42373","15.5618795056398"
"15233","41970","42374","15.5618795056398"
"15234","41970","42375","15.5618795056398"
"15235","42194","42376","7.51020108590092"
"15236","40275","42377","79.1129931444093"
"15237","40275","42378","79.1129931444093"
"15238","40275","42379","79.1129931444093"
"15239","42142","42380","9.56279362844043"
"15240","42142","42381","9.56279362844043"
"15241","42142","42382","9.56279362844043"
"15242","40676","42383","63.6807325044178"
"15243","42062","42384","11.9139836161403"
"15244","42062","42385","11.9139836161403"
"15245","40403","42387","75.1010192000931"
"15246","42214","42388","7.06449650327386"
"15247","42214","42389","7.06449650327386"
"15248","42214","42390","7.06449650327386"
"15249","41297","42391","42.6331377378851"
"15250","41613","42392","31.3419651075965"
"15251","41942","42396","17.6000529285543"
"15252","41942","42397","17.6000529285543"
"15253","41942","42398","17.6000529285543"
"15254","41299","42399","42.806057823404"
"15255","41299","42400","42.806057823404"
"15256","41859","42401","21.4620665406501"
"15257","41859","42402","21.4620665406501"
"15258","41859","42403","21.4620665406501"
"15259","40769","42404","61.3923714459906"
"15260","40769","42405","61.3923714459906"
"15261","40151","42406","85.06378250632"
"15262","40443","42412","74.4882400110769"
"15263","41955","42413","17.3541204963135"
"15264","41955","42414","17.3541204963135"
"15265","41955","42415","17.3541204963135"
"15266","42010","42416","15.3108580551266"
"15267","42150","42417","10.3599611214186"
"15268","40269","42418","80.6993350590378"
"15269","40269","42419","80.6993350590378"
"15270","40269","42420","80.6993350590378"
"15271","40269","42421","80.6993350590378"
"15272","41311","42423","42.8906512147178"
"15273","41031","42426","52.6221147874435"
"15274","41031","42427","52.6221147874435"
"15275","41845","42428","23.1606147881243"
"15276","42017","42430","15.6060564120444"
"15277","42017","42431","15.6060564120444"
"15278","42017","42432","15.6060564120444"
"15279","42017","42433","15.6060564120444"
"15280","41620","42434","32.2560652395528"
"15281","39888","42435","95.2406063655594"
"15282","39888","42436","95.2406063655594"
"15283","41578","42437","33.6148872146191"
"15284","41969","42438","17.9070614363563"
"15285","41969","42439","17.9070614363563"
"15286","41969","42440","17.9070614363563"
"15287","41747","42441","27.4183726839406"
"15288","41747","42442","27.4183726839406"
"15289","42190","42443","10.1058444566197"
"15290","42190","42444","10.1058444566197"
"15291","42190","42445","10.1058444566197"
"15292","42022","42446","15.8929016603756"
"15293","41954","42447","18.5257183863223"
"15294","42046","42448","15.0093795296311"
"15295","42046","42449","15.0093795296311"
"15296","42158","42450","11.4481146033991"
"15297","42158","42451","11.4481146033991"
"15298","42158","42452","11.4481146033991"
"15299","42146","42453","11.7910077143506"
"15300","42064","42458","14.3528027984485"
"15301","42148","42459","11.9590032120532"
"15302","42199","42460","9.71595975272203"
"15303","42199","42461","9.71595975272203"
"15304","42035","42462","15.7189096398979"
"15305","42087","42463","14.1877801744195"
"15306","41748","42465","28.2397680267859"
"15307","41748","42466","28.2397680267859"
"15308","42147","42469","12.33504797265"
"15309","42112","42470","13.5525637270698"
"15310","42112","42471","13.5525637270698"
"15311","42023","42472","16.7406371294096"
"15312","42023","42473","16.7406371294096"
"15313","42023","42474","16.7406371294096"
"15314","42265","42478","7.30507001893602"
"15315","42305","42481","6.10829065594089"
"15316","42305","42482","6.10829065594089"
"15317","42305","42483","6.10829065594089"
"15318","42305","42484","6.10829065594089"
"15319","41653","42485","32.195054249145"
"15320","42052","42486","15.8155752991797"
"15321","42052","42487","15.8155752991797"
"15322","42052","42488","15.8155752991797"
"15323","42052","42489","15.8155752991797"
"15324","42052","42490","15.8155752991797"
"15325","42117","42495","14.063117587858"
"15326","42117","42496","14.063117587858"
"15327","42117","42497","14.063117587858"
"15328","41903","42499","22.6944889612446"
"15329","42233","42500","9.32627432076833"
"15330","41995","42501","18.843552641787"
"15331","41995","42502","18.843552641787"
"15332","42436","42503","2.07896330606491"
"15333","42436","42504","2.07896330606491"
"15334","42436","42505","2.07896330606491"
"15335","42033","42510","17.272233778056"
"15336","42033","42511","17.272233778056"
"15337","42033","42512","17.272233778056"
"15338","41992","42513","19.1187394289914"
"15339","41965","42514","20.1288621178705"
"15340","41378","42515","42.6823176595717"
"15341","41546","42516","36.9845933340243"
"15342","41679","42517","32.5628429602466"
"15343","41073","42518","53.3149301393746"
"15344","42345","42519","5.34738550415977"
"15345","41539","42521","37.5045827013082"
"15346","41539","42522","37.5045827013082"
"15347","42318","42523","6.5746829930581"
"15348","42362","42526","5.25637829914422"
"15349","42362","42527","5.25637829914422"
"15350","41507","42528","38.967857994945"
"15351","41907","42529","23.8616879348442"
"15352","41907","42530","23.8616879348442"
"15353","42123","42531","15.280617250573"
"15354","42123","42532","15.280617250573"
"15355","42123","42533","15.280617250573"
"15356","42123","42534","15.280617250573"
"15357","42446","42535","2.70330057728052"
"15358","42446","42536","2.70330057728052"
"15359","42170","42537","13.5262459984383"
"15360","42170","42538","13.5262459984383"
"15361","42170","42539","13.5262459984383"
"15362","42170","42540","13.5262459984383"
"15363","42159","42545","14.2263928618804"
"15364","41947","42546","21.7416488424924"
"15365","41547","42548","38.0698843249456"
"15366","41547","42549","38.0698843249456"
"15367","42389","42550","4.99542382330492"
"15368","40416","42555","80.1215843912814"
"15369","40416","42556","80.1215843912814"
"15370","40416","42557","80.1215843912814"
"15371","40416","42558","80.1215843912814"
"15372","42185","42562","13.6290070447199"
"15373","42185","42563","13.6290070447199"
"15374","42260","42574","10.0163951886807"
"15375","42260","42575","10.0163951886807"
"15376","42260","42576","10.0163951886807"
"15377","41846","42577","27.2705277319255"
"15378","41453","42578","42.1025206323311"
"15379","42392","42579","5.51627835623503"
"15380","42224","42580","12.3541175897321"
"15381","42232","42581","11.9558386918411"
"15382","42232","42582","11.9558386918411"
"15383","42232","42583","11.9558386918411"
"15384","42311","42584","8.77042988523499"
"15385","40888","42585","61.9087961192608"
"15386","42374","42586","6.81540519540386"
"15387","42374","42587","6.81540519540386"
"15388","42374","42588","6.81540519540386"
"15389","41125","42591","53.8751668073705"
"15390","41125","42592","53.8751668073705"
"15391","41125","42593","53.8751668073705"
"15392","40638","42595","71.2045526290217"
"15393","42339","42596","7.87699697024755"
"15394","42339","42597","7.87699697024755"
"15395","42339","42598","7.87699697024755"
"15396","42126","42601","16.9456182434251"
"15397","41604","42602","37.9729350354096"
"15398","42360","42605","7.391161250408"
"15399","41864","42606","27.6370835930065"
"15400","41864","42607","27.6370835930065"
"15401","41929","42608","24.8048670130911"
"15402","41929","42609","24.8048670130911"
"15403","41929","42610","24.8048670130911"
"15404","42110","42611","17.7424167202607"
"15405","42110","42612","17.7424167202607"
"15406","42110","42613","17.7424167202607"
"15407","42299","42614","10.1139535287898"
"15408","42299","42615","10.1139535287898"
"15409","42299","42616","10.1139535287898"
"15410","42222","42617","13.5747764294533"
"15411","42366","42618","7.73716155767352"
"15412","41993","42621","22.4396617556463"
"15413","42503","42624","3.62148720838331"
"15414","42365","42625","8.13771274388455"
"15415","42365","42626","8.13771274388455"
"15416","42365","42627","8.13771274388455"
"15417","41718","42628","34.5156763311566"
"15418","42137","42629","17.3969154504707"
"15419","42237","42630","13.298464931323"
"15420","42237","42631","13.298464931323"
"15421","42237","42632","13.298464931323"
"15422","42326","42634","9.77795203068854"
"15423","41694","42636","35.4800743794303"
"15424","41694","42637","35.4800743794303"
"15425","42313","42638","10.3691973102914"
"15426","39894","42639","101.144239757324"
"15427","41933","42640","25.8358103946425"
"15428","41933","42641","25.8358103946425"
"15429","41933","42642","25.8358103946425"
"15430","41933","42643","25.8358103946425"
"15431","41933","42644","25.8358103946425"
"15432","42448","42648","5.96762716390822"
"15433","42448","42649","5.96762716390822"
"15434","42238","42650","14.0874479650001"
"15435","41367","42651","47.7866488620966"
"15436","42350","42652","9.48686411558219"
"15437","42350","42653","9.48686411558219"
"15438","41994","42658","24.0666923340041"
"15439","42418","42659","7.89172502687279"
"15440","42418","42660","7.89172502687279"
"15441","41860","42661","29.9598466310199"
"15442","42037","42662","22.2499282102544"
"15443","42037","42663","22.2499282102544"
"15444","42037","42664","22.2499282102544"
"15445","42191","42665","17.373696327521"
"15446","41358","42666","48.8548512942029"
"15447","41358","42667","48.8548512942029"
"15448","42139","42668","19.1151070636802"
"15449","42453","42669","7.37184052927432"
"15450","42156","42670","18.9080082714695"
"15451","42156","42671","18.9080082714695"
"15452","39089","42672","132.493776651816"
"15453","39089","42673","132.493776651816"
"15454","41850","42674","31.2338611429423"
"15455","41850","42675","31.2338611429423"
"15456","42563","42676","4.53213394683144"
"15457","42563","42677","4.53213394683144"
"15458","42332","42679","11.7129231899985"
"15459","41877","42680","30.5231584636413"
"15460","42562","42682","4.7891670434642"
"15461","42500","42683","6.83899116659722"
"15462","42093","42684","21.6508706693239"
"15463","41802","42687","34.150341118966"
"15464","41802","42688","34.150341118966"
"15465","41802","42689","34.150341118966"
"15466","41802","42690","34.150341118966"
"15467","41802","42691","34.150341118966"
"15468","41802","42692","34.150341118966"
"15469","42376","42693","11.1314554480232"
"15470","42376","42694","11.1314554480232"
"15471","42376","42695","11.1314554480232"
"15472","41848","42696","32.2989805397965"
"15473","41848","42697","32.2989805397965"
"15474","41848","42698","32.2989805397965"
"15475","41848","42699","32.2989805397965"
"15476","41848","42700","32.2989805397965"
"15477","41848","42701","32.2989805397965"
"15478","41848","42702","32.2989805397965"
"15479","42413","42706","9.99290227320034"
"15480","40295","42708","89.918906438224"
"15481","42499","42709","7.79943582627038"
"15482","41920","42710","29.5048170159512"
"15483","42300","42711","14.4289372131097"
"15484","42300","42712","14.4289372131097"
"15485","42300","42713","14.4289372131097"
"15486","42324","42714","13.4992783343564"
"15487","41496","42715","46.2433936227135"
"15488","42230","42716","17.7222498474907"
"15489","42230","42717","17.7222498474907"
"15490","42327","42718","13.8975210812691"
"15491","42611","42719","4.94627644512093"
"15492","42055","42720","24.1392114658775"
"15493","42484","42725","8.98808854437812"
"15494","42484","42726","8.98808854437812"
"15495","42484","42727","8.98808854437812"
"15496","42484","42728","8.98808854437812"
"15497","42484","42729","8.98808854437812"
"15498","42484","42730","8.98808854437812"
"15499","41363","42731","51.7328684343356"
"15500","41363","42732","51.7328684343356"
"15501","41363","42733","51.7328684343356"
"15502","42380","42734","12.5414739300977"
"15503","42444","42739","10.50352708117"
"15504","41678","42740","41.1520692959398"
"15505","42474","42741","9.68325808809232"
"15506","40866","42745","69.1737492696438"
"15507","40866","42746","69.1737492696438"
"15508","40866","42747","69.1737492696438"
"15509","42580","42748","6.67785935271468"
"15510","42574","42750","7.36434324032462"
"15511","42574","42751","7.36434324032462"
"15512","39623","42752","117.985416252919"
"15513","39623","42753","117.985416252919"
"15514","39623","42754","117.985416252919"
"15515","40542","42755","82.2471038899289"
"15516","40542","42756","82.2471038899289"
"15517","40542","42757","82.2471038899289"
"15518","42483","42758","10.0145173677238"
"15519","42483","42759","10.0145173677238"
"15520","42057","42760","25.4002296836547"
"15521","42202","42763","20.49250353459"
"15522","41919","42764","31.556757873992"
"15523","42384","42765","13.7448484641577"
"15524","42384","42766","13.7448484641577"
"15525","42384","42767","13.7448484641577"
"15526","42384","42768","13.7448484641577"
"15527","42384","42769","13.7448484641577"
"15528","42414","42770","12.897025520454"
"15529","42538","42774","9.59775254691249"
"15530","42538","42775","9.59775254691249"
"15531","42538","42776","9.59775254691249"
"15532","42538","42777","9.59775254691249"
"15533","42556","42779","9.2815927454717"
"15534","42556","42780","9.2815927454717"
"15535","42697","42781","3.79444948155106"
"15536","42697","42782","3.79444948155106"
"15537","42715","42783","3.0940419672329"
"15538","42273","42784","18.7348278604231"
"15539","42273","42785","18.7348278604231"
"15540","42273","42786","18.7348278604231"
"15541","42273","42787","18.7348278604231"
"15542","42273","42788","18.7348278604231"
"15543","42584","42789","8.60651777242174"
"15544","42584","42790","8.60651777242174"
"15545","42584","42791","8.60651777242174"
"15546","42204","42794","22.3082653729693"
"15547","42211","42795","22.0531756211226"
"15548","42211","42796","22.0531756211226"
"15549","42211","42797","22.0531756211226"
"15550","41917","42800","33.6512729316414"
"15551","42630","42808","7.78246111502949"
"15552","42531","42810","11.0491633629722"
"15553","42201","42811","23.002730239793"
"15554","42201","42812","23.002730239793"
"15555","42201","42813","23.002730239793"
"15556","42431","42816","14.2388500399898"
"15557","42431","42817","14.2388500399898"
"15558","42048","42822","28.7615569739201"
"15559","42210","42823","22.8657879511975"
"15560","42210","42824","22.8657879511975"
"15561","42555","42825","10.7479500222685"
"15562","42555","42826","10.7479500222685"
"15563","42698","42827","5.27573120842453"
"15564","42292","42828","19.4697218896449"
"15565","42015","42829","30.0956948843491"
"15566","42450","42838","14.2121366350325"
"15567","42450","42839","14.2121366350325"
"15568","42450","42840","14.2121366350325"
"15569","42609","42841","9.68972569927519"
"15570","42609","42842","9.68972569927519"
"15571","42290","42843","19.9472572307495"
"15572","42290","42844","19.9472572307495"
"15573","42256","42845","21.0136975646756"
"15574","42256","42846","21.0136975646756"
"15575","42256","42847","21.0136975646756"
"15576","42256","42848","21.0136975646756"
"15577","42256","42849","21.0136975646756"
"15578","42079","42850","28.3561166262048"
"15579","42079","42851","28.3561166262048"
"15580","42079","42852","28.3561166262048"
"15581","42079","42853","28.3561166262048"
"15582","41886","42854","36.744607379524"
"15583","41886","42855","36.744607379524"
"15584","41886","42856","36.744607379524"
"15585","41886","42857","36.744607379524"
"15586","41886","42858","36.744607379524"
"15587","40737","42859","77.9956257408626"
"15588","40737","42860","77.9956257408626"
"15589","42470","42861","13.938350412941"
"15590","42470","42862","13.938350412941"
"15591","42029","42864","30.431819116774"
"15592","42029","42865","30.431819116774"
"15593","42155","42866","26.2248278780926"
"15594","42181","42867","25.3256450438744"
"15595","42205","42870","24.2261711922206"
"15596","42205","42871","24.2261711922206"
"15597","42677","42874","7.24553016001028"
"15598","42438","42875","15.429346640351"
"15599","42438","42876","15.429346640351"
"15600","41004","42885","68.9935877376597"
"15601","41638","42886","47.1717289347462"
"15602","42606","42887","10.7976078788497"
"15603","42606","42888","10.7976078788497"
"15604","42186","42889","25.6336412477017"
"15605","42473","42901","14.6841775681405"
"15606","42333","42902","19.3394782780965"
"15607","42629","42903","10.1085942692334"
"15608","42670","42904","8.33157674061704"
"15609","42583","42905","11.8375366634064"
"15610","42583","42906","11.8375366634064"
"15611","42462","42913","15.7070816825099"
"15612","42545","42914","13.3104028991711"
"15613","42545","42915","13.3104028991711"
"15614","40928","42916","72.8428140016667"
"15615","40928","42917","72.8428140016667"
"15616","42731","42918","6.17403713294652"
"15617","42731","42919","6.17403713294652"
"15618","41559","42920","51.1273228624423"
"15619","41559","42921","51.1273228624423"
"15620","41559","42922","51.1273228624423"
"15621","42415","42925","17.8905477358371"
"15622","42699","42933","8.32837632686505"
"15623","42699","42934","8.32837632686505"
"15624","42699","42935","8.32837632686505"
"15625","42699","42936","8.32837632686505"
"15626","40283","42942","98.5398253946391"
"15627","40283","42943","98.5398253946391"
"15628","41866","42944","40.461126090534"
"15629","42675","42945","9.78391344787588"
"15630","42675","42946","9.78391344787588"
"15631","42675","42947","9.78391344787588"
"15632","42675","42948","9.78391344787588"
"15633","42846","42950","3.72369195346164"
"15634","41927","42953","38.3565333535685"
"15635","42687","42957","9.92749816918331"
"15636","42687","42958","9.92749816918331"
"15637","42709","42959","9.35819675429502"
"15638","42709","42960","9.35819675429502"
"15639","42709","42961","9.35819675429502"
"15640","40335","42962","98.8857324997794"
"15641","40335","42963","98.8857324997794"
"15642","42514","42964","16.9045065348982"
"15643","42514","42965","16.9045065348982"
"15644","42514","42966","16.9045065348982"
"15645","42514","42967","16.9045065348982"
"15646","42514","42968","16.9045065348982"
"15647","42667","42970","11.4549724008148"
"15648","42667","42971","11.4549724008148"
"15649","41148","42974","67.504106863847"
"15650","41148","42975","67.504106863847"
"15651","42597","42976","14.5685927881577"
"15652","40500","42988","92.9304928238621"
"15653","40500","42989","92.9304928238621"
"15654","40500","42990","92.9304928238621"
"15655","42696","42992","10.9061703986063"
"15656","42696","42993","10.9061703986063"
"15657","42913","42994","3.50037690853333"
"15658","42581","42997","15.7835455247618"
"15659","42889","42998","4.38873984348493"
"15660","42780","42999","7.44901446738277"
"15661","40692","43000","84.8380400530573"
"15662","42854","43001","5.56299841809732"
"15663","42854","43002","5.56299841809732"
"15664","42558","43004","16.8996935235473"
"15665","42695","43005","11.5695077669357"
"15666","42695","43006","11.5695077669357"
"15667","42695","43007","11.5695077669357"
"15668","42534","43008","17.5906531412184"
"15669","42534","43009","17.5906531412184"
"15670","42664","43010","13.2421518860888"
"15671","42664","43011","13.2421518860888"
"15672","42664","43012","13.2421518860888"
"15673","42664","43013","13.2421518860888"
"15674","42664","43014","13.2421518860888"
"15675","42664","43015","13.2421518860888"
"15676","42664","43016","13.2421518860888"
"15677","42765","43017","8.82749034132576"
"15678","42765","43018","8.82749034132576"
"15679","42419","43019","21.4173439148599"
"15680","42419","43020","21.4173439148599"
"15681","42608","43021","15.8689996638896"
"15682","42716","43022","11.0732145613401"
"15683","42716","43023","11.0732145613401"
"15684","42716","43024","11.0732145613401"
"15685","42716","43025","11.0732145613401"
"15686","41956","43027","39.1318898693426"
"15687","41997","43028","38.1104446110867"
"15688","42334","43030","24.681764838725"
"15689","42287","43031","26.8245564503741"
"15690","42287","43032","26.8245564503741"
"15691","42287","43033","26.8245564503741"
"15692","42287","43034","26.8245564503741"
"15693","42720","43035","11.142235874177"
"15694","42720","43036","11.142235874177"
"15695","42398","43037","22.6560579462553"
"15696","42516","43038","19.0718395548838"
"15697","42516","43039","19.0718395548838"
"15698","42642","43045","15.3391444684598"
"15699","42795","43046","8.19464411829631"
"15700","42576","43047","17.7415463960037"
"15701","42535","43048","18.6864807845345"
"15702","42535","43049","18.6864807845345"
"15703","42683","43052","13.3763714250063"
"15704","42683","43053","13.3763714250063"
"15705","42643","43057","15.9404765908926"
"15706","42616","43059","16.7757396438883"
"15707","42616","43060","16.7757396438883"
"15708","42616","43061","16.7757396438883"
"15709","42840","43062","7.5079284223857"
"15710","42840","43063","7.5079284223857"
"15711","42864","43064","7.12204046928355"
"15712","42864","43065","7.12204046928355"
"15713","42864","43066","7.12204046928355"
"15714","42864","43067","7.12204046928355"
"15715","42638","43068","16.3328991812728"
"15716","42585","43069","17.8979627971471"
"15717","41599","43070","55.7825220072964"
"15718","42449","43071","22.1132477151987"
"15719","42530","43072","19.7884744773642"
"15720","42522","43073","20.0729426747966"
"15721","42811","43074","8.68315504072098"
"15722","42314","43075","26.8732859574338"
"15723","42314","43076","26.8732859574338"
"15724","42314","43077","26.8732859574338"
"15725","41568","43078","56.7221465375496"
"15726","41568","43079","56.7221465375496"
"15727","41568","43080","56.7221465375496"
"15728","42532","43084","19.9358540277672"
"15729","42752","43085","11.538653622295"
"15730","42752","43086","11.538653622295"
"15731","42752","43087","11.538653622295"
"15732","42752","43088","11.538653622295"
"15733","42971","43092","4.02190173007875"
"15734","42971","43093","4.02190173007875"
"15735","42971","43094","4.02190173007875"
"15736","42768","43095","11.206856543371"
"15737","42768","43096","11.206856543371"
"15738","42632","43098","17.3000770408407"
"15739","42632","43099","17.3000770408407"
"15740","42632","43100","17.3000770408407"
"15741","42632","43101","17.3000770408407"
"15742","42632","43102","17.3000770408407"
"15743","42612","43103","17.9606360515027"
"15744","42612","43104","17.9606360515027"
"15745","41704","43105","52.5350042269411"
"15746","41704","43106","52.5350042269411"
"15747","42753","43117","12.2835167038506"
"15748","42753","43118","12.2835167038506"
"15749","42430","43119","23.807163805955"
"15750","42745","43122","12.7375598364638"
"15751","42417","43123","24.7882593200716"
"15752","41784","43128","49.9692475864272"
"15753","43036","43131","2.9250593706065"
"15754","43036","43132","2.9250593706065"
"15755","43036","43133","2.9250593706065"
"15756","41872","43134","46.6635186909562"
"15757","41872","43135","46.6635186909562"
"15758","42944","43136","6.64741133791085"
"15759","42663","43138","17.3433960812872"
"15760","42663","43139","17.3433960812872"
"15761","42289","43152","30.5034416014014"
"15762","42490","43157","23.8916557307434"
"15763","42336","43159","28.7457005462984"
"15764","42336","43160","28.7457005462984"
"15765","42668","43161","17.9144512889552"
"15766","42315","43163","29.7744505936421"
"15767","42315","43164","29.7744505936421"
"15768","41758","43165","52.9310039668167"
"15769","42728","43168","15.4550113068626"
"15770","42728","43169","15.4550113068626"
"15771","42826","43170","11.7319216267447"
"15772","42914","43171","9.4500875938752"
"15773","42914","43172","9.4500875938752"
"15774","42652","43177","19.5138128000926"
"15775","42652","43178","19.5138128000926"
"15776","42652","43179","19.5138128000926"
"15777","42652","43180","19.5138128000926"
"15778","42652","43181","19.5138128000926"
"15779","42652","43182","19.5138128000926"
"15780","42325","43183","30.2951102880911"
"15781","42406","43185","27.3966172114579"
"15782","42406","43186","27.3966172114579"
"15783","42634","43189","20.6512270217891"
"15784","41452","43199","64.8255974499975"
"15785","41452","43200","64.8255974499975"
"15786","41452","43201","64.8255974499975"
"15787","42690","43202","17.8325120070217"
"15788","42690","43203","17.8325120070217"
"15789","42690","43204","17.8325120070217"
"15790","43013","43205","6.31122298211631"
"15791","42513","43206","24.9571228751215"
"15792","42513","43207","24.9571228751215"
"15793","42513","43208","24.9571228751215"
"15794","42513","43209","24.9571228751215"
"15795","42808","43210","13.3748879275836"
"15796","42808","43211","13.3748879275836"
"15797","42808","43212","13.3748879275836"
"15798","42808","43213","13.3748879275836"
"15799","42733","43214","16.6959191760029"
"15800","42733","43215","16.6959191760029"
"15801","42432","43216","27.4708191609839"
"15802","42432","43217","27.4708191609839"
"15803","42432","43218","27.4708191609839"
"15804","42432","43219","27.4708191609839"
"15805","42676","43220","19.3194877059987"
"15806","42925","43230","10.7041090640187"
"15807","42925","43231","10.7041090640187"
"15808","41721","43233","56.7656198636869"
"15809","41721","43234","56.7656198636869"
"15810","41721","43235","56.7656198636869"
"15811","42904","43236","11.9836232180965"
"15812","42904","43237","11.9836232180965"
"15813","40132","43238","115.166649616973"
"15814","40132","43239","115.166649616973"
"15815","40132","43240","115.166649616973"
"15816","42209","43241","37.1562115594043"
"15817","42209","43242","37.1562115594043"
"15818","43119","43243","4.99642500164646"
"15819","42903","43244","12.6776446042009"
"15820","42903","43245","12.6776446042009"
"15821","42903","43246","12.6776446042009"
"15822","42903","43247","12.6776446042009"
"15823","43095","43248","5.59556703877251"
"15824","43095","43249","5.59556703877251"
"15825","42658","43250","21.6418898797751"
"15826","42658","43251","21.6418898797751"
"15827","42756","43252","17.3269999446657"
"15828","42756","43253","17.3269999446657"
"15829","39672","43254","133.03717334883"
"15830","42917","43255","12.1327484147937"
"15831","42871","43257","13.562553106724"
"15832","42871","43258","13.562553106724"
"15833","42794","43259","15.556918633345"
"15834","42867","43263","13.8524043375724"
"15835","42853","43267","14.571780239909"
"15836","42853","43268","14.571780239909"
"15837","42206","43269","38.2372541512336"
"15838","42206","43270","38.2372541512336"
"15839","42206","43271","38.2372541512336"
"15840","42957","43272","10.5938913475761"
"15841","42957","43273","10.5938913475761"
"15842","42957","43274","10.5938913475761"
"15843","41443","43275","67.6859634965394"
"15844","41443","43276","67.6859634965394"
"15845","41443","43277","67.6859634965394"
"15846","43077","43278","6.93429231593609"
"15847","42714","43282","20.1788950111081"
"15848","43135","43283","5.63439806130646"
"15849","42935","43284","12.5892507508902"
"15850","42659","43285","22.7573587174252"
"15851","42782","43287","17.3184258314145"
"15852","42782","43288","17.3184258314145"
"15853","43099","43294","7.27259003264908"
"15854","43084","43295","7.65544471973681"
"15855","42693","43296","21.8967723415985"
"15856","42976","43297","11.5286583148677"
"15857","42976","43298","11.5286583148677"
"15858","42976","43299","11.5286583148677"
"15859","42433","43300","31.0033625861547"
"15860","42375","43303","33.2390656614652"
"15861","42375","43304","33.2390656614652"
"15862","42710","43305","21.6430510105388"
"15863","42774","43306","18.5413310008162"
"15864","42774","43307","18.5413310008162"
"15865","42769","43308","19.2910307834554"
"15866","43212","43309","4.13296339850967"
"15867","43212","43310","4.13296339850967"
"15868","43086","43311","8.38741624312206"
"15869","43086","43312","8.38741624312206"
"15870","43086","43313","8.38741624312206"
"15871","42748","43315","20.3312295718233"
"15872","42748","43316","20.3312295718233"
"15873","42918","43317","14.6911848836367"
"15874","43177","43318","5.15101694301802"
"15875","43177","43319","5.15101694301802"
"15876","42423","43320","31.9253364212605"
"15877","42586","43321","27.070614247134"
"15878","42679","43322","23.3838783819479"
"15879","42779","43324","18.8678254090396"
"15880","42485","43325","30.2325851131532"
"15881","41863","43326","54.4135962350056"
"15882","41863","43327","54.4135962350056"
"15883","42850","43329","17.0456570099082"
"15884","42732","43330","21.4465885466338"
"15885","42732","43331","21.4465885466338"
"15886","43170","43333","6.02638057958939"
"15887","43170","43334","6.02638057958939"
"15888","41285","43335","76.6221636017813"
"15889","43189","43337","5.54554046085195"
"15890","42383","43338","34.1015594108317"
"15891","42725","43339","21.8738938925876"
"15892","42725","43340","21.8738938925876"
"15893","42725","43341","21.8738938925876"
"15894","42725","43342","21.8738938925876"
"15895","42776","43343","19.735882812507"
"15896","41663","43344","62.9166397525732"
"15897","41030","43346","85.5015843077276"
"15898","41030","43347","85.5015843077276"
"15899","42517","43348","30.1584980981625"
"15900","41945","43349","51.50368225271"
"15901","41945","43350","51.50368225271"
"15902","43069","43351","10.2598635118015"
"15903","40853","43352","91.3957282957404"
"15904","40853","43353","91.3957282957404"
"15905","40853","43354","91.3957282957404"
"15906","42625","43355","27.1610685918254"
"15907","42625","43356","27.1610685918254"
"15908","42625","43357","27.1610685918254"
"15909","42625","43358","27.1610685918254"
"15910","43267","43359","3.52021451005112"
"15911","43267","43360","3.52021451005112"
"15912","42105","43361","45.4533664786918"
"15913","42105","43362","45.4533664786918"
"15914","43048","43363","11.260974428083"
"15915","43096","43367","9.9380031990936"
"15916","40016","43374","123.503635402159"
"15917","40016","43375","123.503635402159"
"15918","40016","43376","123.503635402159"
"15919","40016","43377","123.503635402159"
"15920","43165","43380","7.38826857633831"
"15921","43053","43381","11.5341494809559"
"15922","43053","43382","11.5341494809559"
"15923","42442","43383","33.5310856655028"
"15924","42442","43384","33.5310856655028"
"15925","42442","43385","33.5310856655028"
"15926","42442","43386","33.5310856655028"
"15927","42442","43387","33.5310856655028"
"15928","42967","43388","14.512889074862"
"15929","42399","43392","34.7508451116905"
"15930","40678","43393","99.1369444234338"
"15931","40678","43394","99.1369444234338"
"15932","43138","43395","9.0476357978896"
"15933","43138","43396","9.0476357978896"
"15934","43138","43397","9.0476357978896"
"15935","43138","43398","9.0476357978896"
"15936","43138","43399","9.0476357978896"
"15937","42452","43400","33.3688023825871"
"15938","42452","43401","33.3688023825871"
"15939","43217","43406","6.51377693054883"
"15940","42974","43412","14.9301047693257"
"15941","42974","43413","14.9301047693257"
"15942","43325","43414","2.50959344244438"
"15943","43325","43415","2.50959344244438"
"15944","43268","43416","4.87616641406112"
"15945","43103","43420","11.2879892856431"
"15946","42790","43421","21.5863731302156"
"15947","42922","43422","17.815459662027"
"15948","43211","43423","7.53336049785776"
"15949","42613","43424","29.360241766075"
"15950","43052","43425","12.7721902684311"
"15951","42775","43430","22.2627447303439"
"15952","42775","43431","22.2627447303439"
"15953","42775","43432","22.2627447303439"
"15954","42775","43433","22.2627447303439"
"15955","42700","43436","25.9619048050504"
"15956","42700","43437","25.9619048050504"
"15957","42700","43438","25.9619048050504"
"15958","42246","43439","42.0331792296797"
"15959","42711","43440","25.4743574818158"
"15960","42321","43441","39.0601344558322"
"15961","42321","43442","39.0601344558322"
"15962","42321","43443","39.0601344558322"
"15963","42321","43444","39.0601344558322"
"15964","42621","43449","29.8740936148388"
"15965","42621","43450","29.8740936148388"
"15966","41790","43451","61.303759568405"
"15967","43039","43452","14.1527686633958"
"15968","42841","43455","20.9480782443607"
"15969","42841","43456","20.9480782443607"
"15970","42841","43457","20.9480782443607"
"15971","42841","43458","20.9480782443607"
"15972","43357","43459","2.87719607819872"
"15973","43357","43460","2.87719607819872"
"15974","42121","43461","48.0501590950344"
"15975","42121","43462","48.0501590950344"
"15976","41168","43463","83.5684940019883"
"15977","41168","43464","83.5684940019883"
"15978","41754","43465","62.899934544495"
"15979","41754","43466","62.899934544495"
"15980","41754","43467","62.899934544495"
"15981","43272","43468","6.33866262445144"
"15982","43272","43469","6.33866262445144"
"15983","43272","43470","6.33866262445144"
"15984","43272","43471","6.33866262445144"
"15985","42767","43472","23.9599500955151"
"15986","42767","43473","23.9599500955151"
"15987","42767","43474","23.9599500955151"
"15988","43006","43475","15.4258033823226"
"15989","43006","43476","15.4258033823226"
"15990","43006","43477","15.4258033823226"
"15991","43006","43478","15.4258033823226"
"15992","43361","43479","3.06034058581099"
"15993","42970","43480","16.9136802067737"
"15994","42970","43481","16.9136802067737"
"15995","42970","43482","16.9136802067737"
"15996","42970","43483","16.9136802067737"
"15997","42136","43484","47.4891650021818"
"15998","42136","43485","47.4891650021818"
"15999","42136","43486","47.4891650021818"
"16000","40365","43487","114.154518769625"
"16001","40365","43488","114.154518769625"
"16002","42626","43489","30.401537883964"
"16003","43304","43493","5.33289964518326"
"16004","43304","43494","5.33289964518326"
"16005","43304","43495","5.33289964518326"
"16006","43210","43496","9.26830277951103"
"16007","43210","43497","9.26830277951103"
"16008","42512","43498","34.3595270654032"
"16009","43306","43499","5.26993233177154"
"16010","43306","43500","5.26993233177154"
"16011","43234","43501","8.3375942120424"
"16012","42758","43505","25.0241148801697"
"16013","42758","43506","25.0241148801697"
"16014","42758","43507","25.0241148801697"
"16015","42216","43509","45.1216778387234"
"16016","42216","43510","45.1216778387234"
"16017","42966","43514","17.7914759042219"
"16018","42966","43515","17.7914759042219"
"16019","42966","43516","17.7914759042219"
"16020","43160","43518","11.522741675326"
"16021","42673","43519","29.0976453655817"
"16022","42729","43521","26.6527490226031"
"16023","42729","43522","26.6527490226031"
"16024","42948","43523","19.3993556013857"
"16025","42948","43524","19.3993556013857"
"16026","42760","43525","25.9637802947391"
"16027","42760","43526","25.9637802947391"
"16028","42999","43527","17.3208390147238"
"16029","42999","43528","17.3208390147238"
"16030","43422","43535","3.39310660981755"
"16031","43422","43536","3.39310660981755"
"16032","43422","43537","3.39310660981755"
"16033","43422","43538","3.39310660981755"
"16034","41585","43539","71.6041272766133"
"16035","41585","43540","71.6041272766133"
"16036","42708","43541","28.779116732605"
"16037","42708","43542","28.779116732605"
"16038","42708","43543","28.779116732605"
"16039","42708","43544","28.779116732605"
"16040","42708","43545","28.779116732605"
"16041","43060","43546","16.0242678111908"
"16042","41637","43547","69.6880774353372"
"16043","41637","43548","69.6880774353372"
"16044","41637","43549","69.6880774353372"
"16045","41637","43550","69.6880774353372"
"16046","43200","43551","11.502747448264"
"16047","43010","43557","17.9119606087306"
"16048","43010","43558","17.9119606087306"
"16049","42196","43562","48.5582574426567"
"16050","42240","43563","46.4006671743055"
"16051","42240","43564","46.4006671743055"
"16052","42915","43565","22.4521553399895"
"16053","42730","43566","28.6447005638756"
"16054","42730","43567","28.6447005638756"
"16055","42730","43568","28.6447005638756"
"16056","43254","43569","10.376138355799"
"16057","43014","43570","18.6764895004098"
"16058","43014","43571","18.6764895004098"
"16059","43014","43572","18.6764895004098"
"16060","42810","43573","25.3663389918156"
"16061","43485","43574","3.4314451205255"
"16062","43485","43575","3.4314451205255"
"16063","43485","43576","3.4314451205255"
"16064","43485","43577","3.4314451205255"
"16065","42751","43578","28.1970326826713"
"16066","42751","43579","28.1970326826713"
"16067","42550","43580","36.0958623271081"
"16068","42481","43581","38.133203233449"
"16069","42481","43582","38.133203233449"
"16070","42481","43583","38.133203233449"
"16071","42857","43584","24.8826408189461"
"16072","42857","43585","24.8826408189461"
"16073","42857","43586","24.8826408189461"
"16074","42120","43587","52.1253939102621"
"16075","41005","43591","93.1745720203016"
"16076","41005","43592","93.1745720203016"
"16077","42437","43602","40.27713711769"
"16078","42437","43603","40.27713711769"
"16079","43313","43604","8.97703491593302"
"16080","42669","43605","32.5079816140678"
"16081","42669","43606","32.5079816140678"
"16082","43285","43607","10.3462321281095"
"16083","43285","43608","10.3462321281095"
"16084","43285","43609","10.3462321281095"
"16085","43285","43610","10.3462321281095"
"16086","42848","43611","25.6256106789601"
"16087","42936","43625","23.4565968134903"
"16088","42936","43626","23.4565968134903"
"16089","42936","43627","23.4565968134903"
"16090","43277","43628","11.371318330579"
"16091","42990","43629","21.4444884354261"
"16092","42990","43630","21.4444884354261"
"16093","42990","43631","21.4444884354261"
"16094","41732","43632","69.1480977325909"
"16095","41732","43633","69.1480977325909"
"16096","41732","43634","69.1480977325909"
"16097","41732","43635","69.1480977325909"
"16098","41732","43636","69.1480977325909"
"16099","41732","43637","69.1480977325909"
"16100","41732","43638","69.1480977325909"
"16101","43241","43639","12.7354631600415"
"16102","41696","43640","70.6087525149374"
"16103","41696","43641","70.6087525149374"
"16104","41696","43642","70.6087525149374"
"16105","41696","43643","70.6087525149374"
"16106","41696","43644","70.6087525149374"
"16107","42168","43645","51.7833497151942"
"16108","42168","43646","51.7833497151942"
"16109","42168","43647","51.7833497151942"
"16110","42168","43648","51.7833497151942"
"16111","42168","43649","51.7833497151942"
"16112","43538","43650","3.24931475281255"
"16113","42533","43651","38.4271400616549"
"16114","42262","43652","47.3702579831211"
"16115","42262","43653","47.3702579831211"
"16116","43019","43656","20.8341835861661"
"16117","43078","43665","19.0681542366337"
"16118","41916","43666","61.9399074558974"
"16119","41916","43667","61.9399074558974"
"16120","41916","43668","61.9399074558974"
"16121","42994","43673","22.1413432465056"
"16122","42885","43674","26.5938070538887"
"16123","42885","43675","26.5938070538887"
"16124","43128","43676","18.3101107440662"
"16125","43128","43677","18.3101107440662"
"16126","43482","43678","6.46598230153495"
"16127","43482","43679","6.46598230153495"
"16128","43482","43680","6.46598230153495"
"16129","43482","43681","6.46598230153495"
"16130","42610","43682","37.4663278739977"
"16131","42845","43683","27.9025843031886"
"16132","43461","43684","7.0121091983483"
"16133","42943","43688","25.3767190428821"
"16134","41464","43689","80.886772603928"
"16135","41464","43690","80.886772603928"
"16136","41330","43691","85.2998271568554"
"16137","41330","43692","85.2998271568554"
"16138","41330","43693","85.2998271568554"
"16139","42688","43694","34.1956027955689"
"16140","43425","43695","8.48050858538863"
"16141","42998","43696","23.0739563671668"
"16142","42998","43697","23.0739563671668"
"16143","43375","43699","10.2868106943456"
"16144","43507","43700","6.94252820354859"
"16145","42662","43701","36.1179165700642"
"16146","43080","43702","20.7176331928185"
"16147","43080","43703","20.7176331928185"
"16148","43080","43704","20.7176331928185"
"16149","43080","43705","20.7176331928185"
"16150","43080","43706","20.7176331928185"
"16151","43080","43707","20.7176331928185"
"16152","43080","43708","20.7176331928185"
"16153","43514","43712","6.89481584796977"
"16154","43514","43713","6.89481584796977"
"16155","43514","43714","6.89481584796977"
"16156","43514","43715","6.89481584796977"
"16157","42644","43716","37.5717985176234"
"16158","43271","43717","14.4211863159821"
"16159","43500","43718","7.67733937258663"
"16160","43500","43719","7.67733937258663"
"16161","43500","43720","7.67733937258663"
"16162","42988","43721","24.5053004331439"
"16163","43275","43722","14.7136295960968"
"16164","43495","43726","8.25364484642523"
"16165","43569","43727","5.44495648269049"
"16166","43569","43728","5.44495648269049"
"16167","43338","43729","12.4067441107682"
"16168","43338","43730","12.4067441107682"
"16169","43338","43731","12.4067441107682"
"16170","43338","43732","12.4067441107682"
"16171","43001","43733","24.3961539881666"
"16172","42800","43734","31.1849308712513"
"16173","42719","43735","34.6357579531996"
"16174","42719","43736","34.6357579531996"
"16175","42719","43737","34.6357579531996"
"16176","41418","43741","84.006352261164"
"16177","42754","43742","33.5484810360372"
"16178","42734","43745","34.3442640112066"
"16179","43282","43748","15.1942034814497"
"16180","43442","43749","9.94352606121856"
"16181","43442","43750","9.94352606121856"
"16182","43691","43759","2.20904489094073"
"16183","43401","43761","11.611450125522"
"16184","43528","43762","7.89810685861221"
"16185","43299","43763","14.6464528301149"
"16186","43104","43764","22.284951897479"
"16187","42746","43766","34.833293241401"
"16188","43258","43767","17.0114629487502"
"16189","43484","43768","9.9592538761417"
"16190","42587","43769","41.4787318607487"
"16191","42587","43770","41.4787318607487"
"16192","42587","43771","41.4787318607487"
"16193","43641","43776","4.90789595645219"
"16194","43070","43779","23.7746076332401"
"16195","43243","43783","17.9085961340916"
"16196","43243","43784","17.9085961340916"
"16197","43243","43785","17.9085961340916"
"16198","43243","43786","17.9085961340916"
"16199","43367","43787","13.6846047310742"
"16200","43543","43790","8.71053194555361"
"16201","43543","43791","8.71053194555361"
"16202","43543","43792","8.71053194555361"
"16203","43543","43793","8.71053194555361"
"16204","43239","43795","18.6443487071697"
"16205","43359","43799","14.3189570231857"
"16206","43518","43807","10.7715441883838"
"16207","43518","43808","10.7715441883838"
"16208","42445","43810","47.5552834307005"
"16209","43582","43811","8.29047969320345"
"16210","41215","43812","94.6288762309919"
"16211","43159","43816","22.5204907038128"
"16212","42824","43817","33.8127698658395"
"16213","43587","43821","8.68628150470568"
"16214","43587","43822","8.68628150470568"
"16215","43105","43824","25.2144627170537"
"16216","43105","43825","25.2144627170537"
"16217","42844","43828","33.9028061374447"
"16218","42822","43829","34.4223540678008"
"16219","43230","43830","20.8536591076777"
"16220","42946","43831","30.8335386185236"
"16221","42946","43832","30.8335386185236"
"16222","42875","43834","33.3917273284746"
"16223","43072","43835","26.3771218814295"
"16224","43072","43836","26.3771218814295"
"16225","43457","43839","13.4732665457541"
"16226","43721","43840","5.03369231713032"
"16227","43335","43841","17.0923585773617"
"16228","43335","43842","17.0923585773617"
"16229","42133","43843","61.2183189063726"
"16230","43703","43844","5.94388069194292"
"16231","43715","43845","5.74448776625468"
"16232","43255","43847","20.7881780039534"
"16233","43499","43848","13.3018890895755"
"16234","43311","43849","18.5017219612328"
"16235","43376","43850","16.7285491883563"
"16236","43430","43855","15.1719903117387"
"16237","43430","43856","15.1719903117387"
"16238","43430","43857","15.1719903117387"
"16239","43430","43858","15.1719903117387"
"16240","41815","43859","74.4439794799428"
"16241","41815","43860","74.4439794799428"
"16242","41815","43861","74.4439794799428"
"16243","42766","43862","38.271561251539"
"16244","42766","43863","38.271561251539"
"16245","43675","43864","7.94532183552337"
"16246","43522","43865","13.1121876869879"
"16247","43522","43866","13.1121876869879"
"16248","43708","43867","6.78966569235126"
"16249","43733","43868","5.6635365067209"
"16250","43733","43869","5.6635365067209"
"16251","43728","43871","5.90468102674777"
"16252","43400","43872","16.8588507879858"
"16253","43472","43873","14.8109570625952"
"16254","43472","43874","14.8109570625952"
"16255","43472","43875","14.8109570625952"
"16256","43706","43876","7.20092802234421"
"16257","43706","43877","7.20092802234421"
"16258","43706","43878","7.20092802234421"
"16259","43706","43879","7.20092802234421"
"16260","43480","43880","14.7424810907451"
"16261","43008","43881","30.2263890951581"
"16262","43008","43882","30.2263890951581"
"16263","43000","43883","30.474095857448"
"16264","41483","43887","88.0292126479321"
"16265","43441","43891","15.7960021010763"
"16266","42390","43896","52.5915913304634"
"16267","43178","43899","24.8920308149986"
"16268","43178","43900","24.8920308149986"
"16269","43178","43901","24.8920308149986"
"16270","43178","43902","24.8920308149986"
"16271","43178","43903","24.8920308149986"
"16272","43478","43904","15.2800029592404"
"16273","43478","43905","15.2800029592404"
"16274","43609","43906","10.8880631025304"
"16275","43609","43907","10.8880631025304"
"16276","43609","43908","10.8880631025304"
"16277","43547","43910","13.0747887846342"
"16278","43326","43911","19.5439833320602"
"16279","43326","43912","19.5439833320602"
"16280","43656","43913","9.74660657545246"
"16281","43656","43914","9.74660657545246"
"16282","43656","43915","9.74660657545246"
"16283","42947","43916","33.5146609806952"
"16284","43645","43917","10.1819434253957"
"16285","43018","43918","30.6815351918012"
"16286","43523","43919","14.3006771809955"
"16287","43523","43920","14.3006771809955"
"16288","43523","43921","14.3006771809955"
"16289","43523","43922","14.3006771809955"
"16290","43523","43923","14.3006771809955"
"16291","43523","43924","14.3006771809955"
"16292","43523","43925","14.3006771809955"
"16293","43536","43926","13.5835521165732"
"16294","43536","43927","13.5835521165732"
"16295","42401","43928","52.7648795268033"
"16296","41542","43929","86.3770892262833"
"16297","43516","43937","15.0947446784712"
"16298","43688","43940","9.14082109783794"
"16299","43688","43941","9.14082109783794"
"16300","43688","43942","9.14082109783794"
"16301","43688","43943","9.14082109783794"
"16302","43688","43944","9.14082109783794"
"16303","43688","43945","9.14082109783794"
"16304","43688","43946","9.14082109783794"
"16305","43644","43947","11.0068226842732"
"16306","43644","43948","11.0068226842732"
"16307","43247","43955","23.8818089582846"
"16308","43247","43956","23.8818089582846"
"16309","42540","43957","49.5654236731375"
"16310","43810","43958","4.75359705009487"
"16311","43085","43959","29.7217902823631"
"16312","43085","43960","29.7217902823631"
"16313","43085","43961","29.7217902823631"
"16314","43630","43962","11.5718822191343"
"16315","43630","43963","11.5718822191343"
"16316","43630","43964","11.5718822191343"
"16317","43630","43965","11.5718822191343"
"16318","43630","43966","11.5718822191343"
"16319","43770","43968","6.69925056840975"
"16320","43296","43969","22.1454056867929"
"16321","43296","43970","22.1454056867929"
"16322","43525","43971","15.5535421244026"
"16323","42965","43972","33.9747763189121"
"16324","42965","43973","33.9747763189121"
"16325","43438","43974","18.2331090808862"
"16326","43358","43975","20.4352556635904"
"16327","43358","43976","20.4352556635904"
"16328","43353","43977","20.498431369273"
"16329","43353","43978","20.498431369273"
"16330","43684","43979","10.5762151735053"
"16331","43309","43981","22.3644980550475"
"16332","43309","43982","22.3644980550475"
"16333","42128","43984","65.7713969886759"
"16334","43383","43985","20.3097025307993"
"16335","43792","43986","7.07986026850676"
"16336","43792","43987","7.07986026850676"
"16337","43451","43988","18.3658889136245"
"16338","43831","43989","5.52751785043984"
"16339","43567","43998","15.4920758379026"
"16340","42866","44003","39.8862010591301"
"16341","43648","44004","13.9038974437085"
"16342","43648","44005","13.9038974437085"
"16343","43606","44009","14.9195633066761"
"16344","43606","44010","14.9195633066761"
"16345","43636","44012","14.3223349212026"
"16346","43636","44013","14.3223349212026"
"16347","43636","44014","14.3223349212026"
"16348","43636","44015","14.3223349212026"
"16349","43636","44016","14.3223349212026"
"16350","43544","44018","17.5075536883701"
"16351","43544","44019","17.5075536883701"
"16352","43544","44020","17.5075536883701"
"16353","43544","44021","17.5075536883701"
"16354","43759","44022","10.3717135452371"
"16355","43463","44023","19.9410106246487"
"16356","43463","44024","19.9410106246487"
"16357","43463","44025","19.9410106246487"
"16358","43946","44026","3.60957245048348"
"16359","43946","44027","3.60957245048348"
"16360","43946","44028","3.60957245048348"
"16361","43946","44029","3.60957245048348"
"16362","43586","44030","16.0792638870048"
"16363","43496","44031","19.4968856085698"
"16364","43496","44032","19.4968856085698"
"16365","43850","44033","5.99568877455022"
"16366","43795","44034","8.94094346300699"
"16367","43944","44035","3.81275950116378"
"16368","43394","44036","22.3757003578398"
"16369","43134","44037","31.6973399819335"
"16370","43134","44038","31.6973399819335"
"16371","43134","44039","31.6973399819335"
"16372","43134","44040","31.6973399819335"
"16373","43713","44046","12.2905095484743"
"16374","43713","44047","12.2905095484743"
"16375","43713","44048","12.2905095484743"
"16376","43713","44049","12.2905095484743"
"16377","43639","44050","14.9945720067685"
"16378","43681","44051","13.7634689694778"
"16379","43863","44052","6.09839886395366"
"16380","43863","44053","6.09839886395366"
"16381","43787","44054","9.59367614253733"
"16382","43787","44055","9.59367614253733"
"16383","43843","44056","6.96558460473943"
"16384","43386","44057","22.858103246052"
"16385","43712","44058","12.9792314185115"
"16386","43767","44059","10.9008752655732"
"16387","43908","44061","5.57115593354547"
"16388","43346","44066","24.4469082300438"
"16389","43811","44073","9.36244432142848"
"16390","43808","44074","9.56844934002629"
"16391","43960","44076","4.80779119817043"
"16392","43960","44077","4.80779119817043"
"16393","43960","44078","4.80779119817043"
"16394","43960","44079","4.80779119817043"
"16395","42945","44080","39.592002578469"
"16396","43732","44081","12.9046377966083"
"16397","43784","44082","11.1822421051788"
"16398","43942","44086","5.83432448105714"
"16399","43942","44087","5.83432448105714"
"16400","40670","44091","123.906480913161"
"16401","40670","44092","123.906480913161"
"16402","40670","44093","123.906480913161"
"16403","42258","44094","64.1113249350624"
"16404","42258","44095","64.1113249350624"
"16405","43486","44096","22.036996788052"
"16406","43486","44097","22.036996788052"
"16407","42441","44099","58.1476299474857"
"16408","43519","44100","21.2280114665205"
"16409","43519","44101","21.2280114665205"
"16410","43208","44102","31.2770706851634"
"16411","43682","44103","15.9532049041545"
"16412","43101","44110","35.2674760907885"
"16413","43235","44118","30.5910140193819"
"16414","43832","44119","10.0226003271432"
"16415","41605","44120","91.9735986402584"
"16416","41605","44121","91.9735986402584"
"16417","41605","44122","91.9735986402584"
"16418","41605","44123","91.9735986402584"
"16419","43867","44125","8.68425700267881"
"16420","43867","44126","8.68425700267881"
"16421","43923","44127","7.43380165808594"
"16422","43576","44130","19.7048391074136"
"16423","43576","44131","19.7048391074136"
"16424","41577","44132","92.8530915237407"
"16425","43334","44134","27.3025875576564"
"16426","43334","44135","27.3025875576564"
"16427","43334","44136","27.3025875576564"
"16428","43334","44137","27.3025875576564"
"16429","43874","44138","8.71628492301261"
"16430","43603","44145","19.2868493388969"
"16431","43603","44146","19.2868493388969"
"16432","44047","44148","3.7035986918886"
"16433","44047","44149","3.7035986918886"
"16434","43283","44151","29.9374428190708"
"16435","43199","44155","33.1729164439389"
"16436","43963","44156","7.34796685607762"
"16437","43764","44160","14.5354035987043"
"16438","43259","44161","31.1170570954041"
"16439","43423","44162","25.4552635483278"
"16440","44028","44163","4.34396168055127"
"16441","44028","44164","4.34396168055127"
"16442","43581","44165","20.9026933009236"
"16443","43245","44168","31.9809716545287"
"16444","42291","44169","65.8776474782544"
"16445","42291","44170","65.8776474782544"
"16446","42291","44171","65.8776474782544"
"16447","42291","44172","65.8776474782544"
"16448","42291","44173","65.8776474782544"
"16449","43347","44174","28.2054459418673"
"16450","43877","44175","10.1118326737455"
"16451","43858","44179","10.9875440704823"
"16452","43911","44182","10.0508567070174"
"16453","43911","44183","10.0508567070174"
"16454","43696","44184","18.1569943390627"
"16455","43340","44185","29.1230823765673"
"16456","43340","44186","29.1230823765673"
"16457","43340","44187","29.1230823765673"
"16458","44120","44190","2.62434777939825"
"16459","43987","44191","7.62930282943717"
"16460","43979","44193","8.46360943090531"
"16461","43497","44195","25.4174236980293"
"16462","43497","44196","25.4174236980293"
"16463","42140","44198","73.2872532732076"
"16464","42140","44199","73.2872532732076"
"16465","43462","44203","26.3104502117053"
"16466","43462","44204","26.3104502117053"
"16467","43866","44205","11.8500194126914"
"16468","43866","44206","11.8500194126914"
"16469","43395","44210","28.4742007784093"
"16470","43527","44212","24.6877000993072"
"16471","43527","44213","24.6877000993072"
"16472","43943","44214","10.2007914192072"
"16473","43958","44215","9.77266023473476"
"16474","43899","44216","11.2804904132058"
"16475","43351","44217","29.9535478865978"
"16476","43351","44218","29.9535478865978"
"16477","43762","44219","17.1749358502493"
"16478","43762","44220","17.1749358502493"
"16479","43762","44221","17.1749358502493"
"16480","43231","44225","34.8968305673229"
"16481","43231","44226","34.8968305673229"
"16482","43649","44227","21.5449493341093"
"16483","43350","44234","30.3168000031837"
"16484","43397","44235","29.2714769979284"
"16485","43397","44236","29.2714769979284"
"16486","43397","44237","29.2714769979284"
"16487","43012","44244","42.5302514810537"
"16488","44019","44245","7.73362242564781"
"16489","44019","44246","7.73362242564781"
"16490","43821","44247","14.8662795459063"
"16491","43821","44248","14.8662795459063"
"16492","43821","44249","14.8662795459063"
"16493","43821","44250","14.8662795459063"
"16494","37840","44252","235.553374025291"
"16495","44049","44253","7.34659319038428"
"16496","43381","44254","29.8578685911248"
"16497","43381","44255","29.8578685911248"
"16498","44057","44256","7.01198714126895"
"16499","43288","44257","33.4427588443818"
"16500","43331","44258","31.5984813510863"
"16501","43901","44259","12.4283948456145"
"16502","43748","44262","18.6848636503396"
"16503","44029","44263","8.00162771454825"
"16504","44029","44264","8.00162771454825"
"16505","44076","44265","6.34219109858259"
"16506","43871","44266","13.3975535586655"
"16507","43562","44274","25.6177884390827"
"16508","43562","44275","25.6177884390827"
"16509","43562","44276","25.6177884390827"
"16510","43562","44277","25.6177884390827"
"16511","43562","44278","25.6177884390827"
"16512","43562","44279","25.6177884390827"
"16513","43916","44280","13.3295189687456"
"16514","43916","44281","13.3295189687456"
"16515","43742","44284","19.9777897728864"
"16516","43742","44285","19.9777897728864"
"16517","44046","44286","8.89188505739594"
"16518","44046","44287","8.89188505739594"
"16519","44110","44294","6.61807454292466"
"16520","43647","44296","24.1225672370483"
"16521","44026","44299","9.83865074493178"
"16522","43869","44300","15.1746149968963"
"16523","43493","44301","29.3968834832149"
"16524","43493","44302","29.3968834832149"
"16525","43549","44311","27.683790441326"
"16526","43337","44312","33.8542152437026"
"16527","43859","44313","15.9536274545494"
"16528","42171","44314","76.6526053426405"
"16529","43333","44315","34.1774380529118"
"16530","44196","44316","4.4500186138016"
"16531","44048","44317","10.2517826703506"
"16532","44048","44318","10.2517826703506"
"16533","43320","44319","34.7911174089677"
"16534","43320","44320","34.7911174089677"
"16535","44077","44321","8.92079043995818"
"16536","44077","44322","8.92079043995818"
"16537","42528","44323","63.7310930555873"
"16538","42528","44324","63.7310930555873"
"16539","42528","44325","63.7310930555873"
"16540","43215","44326","39.560412822394"
"16541","43215","44327","39.560412822394"
"16542","43444","44328","31.6026837923505"
"16543","43653","44334","25.5764163824192"
"16544","43840","44339","18.2815933619995"
"16545","44183","44340","6.08265325658476"
"16546","43948","44341","15.2736371795363"
"16547","43948","44342","15.2736371795363"
"16548","43848","44343","17.79080754089"
"16549","43848","44344","17.79080754089"
"16550","44080","44347","10.2539421542087"
"16551","43244","44349","39.1174875037209"
"16552","43677","44354","25.6390068818491"
"16553","44225","44355","5.34886906298561"
"16554","44137","44361","8.80877276406909"
"16555","44137","44362","8.80877276406909"
"16556","44137","44363","8.80877276406909"
"16557","44172","44373","7.53677530340019"
"16558","44172","44374","7.53677530340019"
"16559","44172","44375","7.53677530340019"
"16560","44172","44376","7.53677530340019"
"16561","42263","44378","74.2997628961521"
"16562","42263","44379","74.2997628961521"
"16563","42263","44380","74.2997628961521"
"16564","42263","44381","74.2997628961521"
"16565","42263","44382","74.2997628961521"
"16566","42263","44383","74.2997628961521"
"16567","43439","44384","33.2899596926209"
"16568","43439","44385","33.2899596926209"
"16569","43439","44386","33.2899596926209"
"16570","42605","44389","63.7492782924096"
"16571","43631","44390","27.7328930135013"
"16572","44119","44392","10.4224921662098"
"16573","43564","44396","30.2779931601572"
"16574","43494","44397","33.049513830113"
"16575","43494","44398","33.049513830113"
"16576","44168","44399","8.71586644336639"
"16577","43577","44401","30.2535912762964"
"16578","43483","44402","33.7254233053122"
"16579","43483","44403","33.7254233053122"
"16580","43450","44404","34.486945106079"
"16581","43450","44405","34.486945106079"
"16582","43830","44406","21.1406976285571"
"16583","43817","44415","21.9943112717838"
"16584","43172","44422","44.0994262140689"
"16585","44012","44425","14.746024497761"
"16586","44161","44429","10.3662397296448"
"16587","44170","44430","9.74495670666147"
"16588","41911","44431","90.8683153522256"
"16589","41911","44432","90.8683153522256"
"16590","41911","44433","90.8683153522256"
"16591","41911","44434","90.8683153522256"
"16592","43557","44439","32.3469244650751"
"16593","44066","44440","13.9489038646784"
"16594","44276","44441","6.41063743827908"
"16595","44276","44442","6.41063743827908"
"16596","44276","44443","6.41063743827908"
"16597","44341","44450","3.64741341390891"
"16598","43749","44451","26.0722059349641"
"16599","43118","44452","47.664279098849"
"16600","43118","44453","47.664279098849"
"16601","43635","44459","30.4313345564838"
"16602","44086","44460","13.6310442961721"
"16603","44262","44461","8.20728459952034"
"16604","43362","44463","39.1659181178175"
"16605","43362","44464","39.1659181178175"
"16606","43548","44465","33.9083843926551"
"16607","43548","44466","33.9083843926551"
"16608","43548","44467","33.9083843926551"
"16609","43548","44468","33.9083843926551"
"16610","43548","44469","33.9083843926551"
"16611","43548","44470","33.9083843926551"
"16612","41890","44471","93.94828338655"
"16613","41890","44472","93.94828338655"
"16614","41890","44473","93.94828338655"
"16615","43680","44474","29.735321730092"
"16616","42293","44475","77.3018312722766"
"16617","42293","44476","77.3018312722766"
"16618","44257","44477","8.61778346546498"
"16619","43295","44480","41.8112110415827"
"16620","43295","44481","41.8112110415827"
"16621","42887","44482","56.559737512051"
"16622","42887","44483","56.559737512051"
"16623","44318","44488","6.20108098541596"
"16624","44121","44490","13.9702974063252"
"16625","44121","44491","13.9702974063252"
"16626","44121","44492","13.9702974063252"
"16627","44121","44493","13.9702974063252"
"16628","44121","44494","13.9702974063252"
"16629","42812","44495","58.8292681822636"
"16630","43449","44496","37.5277306186226"
"16631","43449","44497","37.5277306186226"
"16632","43449","44498","37.5277306186226"
"16633","43449","44499","37.5277306186226"
"16634","44179","44500","11.9508561559478"
"16635","44179","44501","11.9508561559478"
"16636","43968","44502","20.3677854767302"
"16637","43968","44503","20.3677854767302"
"16638","44236","44504","10.1336233757643"
"16639","44236","44505","10.1336233757643"
"16640","43915","44511","22.0076783368595"
"16641","43915","44512","22.0076783368595"
"16642","42993","44515","53.4664478009649"
"16643","42993","44516","53.4664478009649"
"16644","42993","44517","53.4664478009649"
"16645","44226","44520","10.8837595090631"
"16646","44226","44521","10.8837595090631"
"16647","44226","44522","10.8837595090631"
"16648","43786","44524","27.0700204142354"
"16649","43973","44526","20.8395674400113"
"16650","43973","44527","20.8395674400113"
"16651","44274","44528","9.34728184698542"
"16652","44274","44529","9.34728184698542"
"16653","44274","44530","9.34728184698542"
"16654","44274","44531","9.34728184698542"
"16655","44274","44532","9.34728184698542"
"16656","43321","44533","42.3225108510846"
"16657","43321","44534","42.3225108510846"
"16658","43321","44535","42.3225108510846"
"16659","43321","44536","42.3225108510846"
"16660","43321","44537","42.3225108510846"
"16661","43857","44550","24.1628019943496"
"16662","43857","44551","24.1628019943496"
"16663","43914","44552","22.9642031261224"
"16664","44092","44557","16.5984793381413"
"16665","44092","44558","16.5984793381413"
"16666","44092","44559","16.5984793381413"
"16667","44005","44561","19.5592107485936"
"16668","43324","44562","43.0004213640505"
"16669","43046","44563","53.0778249241789"
"16670","43737","44567","30.0999634349978"
"16671","43704","44568","31.5740403925306"
"16672","43704","44569","31.5740403925306"
"16673","43640","44571","33.9079628825284"
"16674","43640","44572","33.9079628825284"
"16675","44164","44573","15.0266184237025"
"16676","44164","44574","15.0266184237025"
"16677","43807","44575","27.3991336924005"
"16678","43807","44576","27.3991336924005"
"16679","43697","44577","31.8990758703035"
"16680","42791","44579","62.2554598507986"
"16681","42791","44580","62.2554598507986"
"16682","43035","44585","54.0371543176911"
"16683","44187","44586","13.9967847645767"
"16684","44299","44587","10.0584766448483"
"16685","44299","44588","10.0584766448483"
"16686","44299","44589","10.0584766448483"
"16687","44321","44590","9.33253118004313"
"16688","44294","44591","10.7894820407178"
"16689","44294","44592","10.7894820407178"
"16690","44294","44593","10.7894820407178"
"16691","43940","44594","23.8092277796254"
"16692","43940","44595","23.8092277796254"
"16693","43940","44596","23.8092277796254"
"16694","42838","44597","61.496337792903"
"16695","44374","44598","8.02832230360718"
"16696","44036","44599","20.3781866416016"
"16697","44203","44604","14.6137173287043"
"16698","42065","44608","90.6311446049776"
"16699","42065","44609","90.6311446049776"
"16700","43816","44619","29.1649144676662"
"16701","44162","44621","17.1365561344201"
"16702","44340","44624","9.82991858506375"
"16703","44256","44627","13.9132279107748"
"16704","43308","44628","46.188260518059"
"16705","44146","44630","17.860163511868"
"16706","44118","44631","18.8595055657752"
"16707","44118","44632","18.8595055657752"
"16708","44118","44633","18.8595055657752"
"16709","44118","44634","18.8595055657752"
"16710","44118","44635","18.8595055657752"
"16711","44118","44636","18.8595055657752"
"16712","44118","44637","18.8595055657752"
"16713","44477","44639","5.41966420405606"
"16714","44477","44640","5.41966420405606"
"16715","44477","44641","5.41966420405606"
"16716","44477","44642","5.41966420405606"
"16717","44056","44643","21.3308566000205"
"16718","44056","44644","21.3308566000205"
"16719","44450","44651","6.63110885601918"
"16720","43360","44652","44.9793926475818"
"16721","43360","44653","44.9793926475818"
"16722","44053","44656","21.7679699825649"
"16723","44053","44657","21.7679699825649"
"16724","44053","44658","21.7679699825649"
"16725","44040","44660","22.1393107454946"
"16726","44040","44661","22.1393107454946"
"16727","44040","44662","22.1393107454946"
"16728","44040","44663","22.1393107454946"
"16729","44040","44664","22.1393107454946"
"16730","44302","44665","12.5504448140955"
"16731","43847","44667","28.7170175638848"
"16732","44472","44668","6.14394249339148"
"16733","44472","44669","6.14394249339148"
"16734","44472","44670","6.14394249339148"
"16735","44522","44671","4.75668440949721"
"16736","44522","44672","4.75668440949721"
"16737","44482","44675","6.12110352629452"
"16738","44495","44677","5.86728736225996"
"16739","44495","44678","5.86728736225996"
"16740","43876","44679","28.2085701562387"
"16741","42963","44681","59.9724680161398"
"16742","42577","44682","75.1235944563023"
"16743","43022","44683","58.2190260236753"
"16744","44235","44684","16.1606184292064"
"16745","44235","44685","16.1606184292064"
"16746","44102","44686","20.8543879182835"
"16747","43965","44689","26.6981364966518"
"16748","44313","44692","13.3514588278258"
"16749","43316","44693","48.0134250060892"
"16750","43316","44694","48.0134250060892"
"16751","44156","44695","19.6571901884363"
"16752","43327","44696","47.9261680515724"
"16753","43327","44697","47.9261680515724"
"16754","42959","44698","61.1266988011644"
"16755","42959","44699","61.1266988011644"
"16756","44587","44705","4.62475446056396"
"16757","44587","44706","4.62475446056396"
"16758","43718","44707","36.2247933124413"
"16759","43718","44708","36.2247933124413"
"16760","43718","44709","36.2247933124413"
"16761","43718","44710","36.2247933124413"
"16762","43718","44711","36.2247933124413"
"16763","43718","44712","36.2247933124413"
"16764","44378","44714","12.0323586943205"
"16765","44378","44715","12.0323586943205"
"16766","44079","44716","23.2566738659211"
"16767","44079","44717","23.2566738659211"
"16768","44079","44718","23.2566738659211"
"16769","44079","44719","23.2566738659211"
"16770","42024","44720","96.2121929680229"
"16771","42024","44721","96.2121929680229"
"16772","42024","44722","96.2121929680229"
"16773","42024","44723","96.2121929680229"
"16774","43392","44724","47.3246698626922"
"16775","43392","44725","47.3246698626922"
"16776","43392","44726","47.3246698626922"
"16777","43392","44727","47.3246698626922"
"16778","43392","44728","47.3246698626922"
"16779","43955","44731","28.3862374587279"
"16780","44246","44733","17.8440457810475"
"16781","44284","44742","16.3226981740563"
"16782","44284","44743","16.3226981740563"
"16783","44284","44744","16.3226981740563"
"16784","44284","44745","16.3226981740563"
"16785","44284","44746","16.3226981740563"
"16786","44363","44747","13.0922836901723"
"16787","44004","44748","26.2179548144313"
"16788","44004","44749","26.2179548144313"
"16789","44004","44750","26.2179548144313"
"16790","42008","44753","97.9529482071039"
"16791","44531","44764","8.31312208460758"
"16792","43489","44770","46.5530216552429"
"16793","43489","44771","46.5530216552429"
"16794","43962","44772","30.0333794844269"
"16795","43962","44773","30.0333794844269"
"16796","44635","44775","5.54516786536897"
"16797","44031","44776","27.3254773771737"
"16798","44442","44777","12.392304657657"
"16799","44442","44778","12.392304657657"
"16800","43294","44779","52.9288458038354"
"16801","43294","44780","52.9288458038354"
"16802","43880","44781","32.7412640983298"
"16803","43880","44782","32.7412640983298"
"16804","43880","44783","32.7412640983298"
"16805","43880","44784","32.7412640983298"
"16806","43880","44785","32.7412640983298"
"16807","43571","44786","44.2535041241413"
"16808","44051","44787","27.3109538442263"
"16809","44081","44788","26.0372296318424"
"16810","44081","44789","26.0372296318424"
"16811","44081","44790","26.0372296318424"
"16812","43887","44795","32.7270037689736"
"16813","43474","44796","47.7969370602918"
"16814","43474","44797","47.7969370602918"
"16815","43474","44798","47.7969370602918"
"16816","43768","44799","37.7550209936462"
"16817","43634","44800","42.602720613791"
"16818","43981","44801","30.1876207271307"
"16819","43479","44802","47.8597140047837"
"16820","43479","44803","47.8597140047837"
"16821","43479","44804","47.8597140047837"
"16822","44250","44806","20.6265784695915"
"16823","44250","44807","20.6265784695915"
"16824","44250","44808","20.6265784695915"
"16825","44250","44809","20.6265784695915"
"16826","44552","44815","9.66583093168902"
"16827","44574","44816","8.86274305446523"
"16828","44595","44817","8.0446142533001"
"16829","44512","44818","10.7342107142517"
"16830","44402","44819","14.4570485729696"
"16831","44402","44820","14.4570485729696"
"16832","44402","44821","14.4570485729696"
"16833","44402","44822","14.4570485729696"
"16834","43037","44823","62.7636312566569"
"16835","44248","44824","21.0341221495773"
"16836","44248","44825","21.0341221495773"
"16837","44385","44827","16.1061159917244"
"16838","44385","44828","16.1061159917244"
"16839","44681","44829","5.67947061303767"
"16840","44724","44830","3.82401787091703"
"16841","44469","44831","12.766924119775"
"16842","44469","44832","12.766924119775"
"16843","44469","44833","12.766924119775"
"16844","44469","44834","12.766924119775"
"16845","44453","44845","13.9937603488547"
"16846","44453","44846","13.9937603488547"
"16847","44465","44847","13.2679175636126"
"16848","42247","44850","92.3821859712634"
"16849","42247","44851","92.3821859712634"
"16850","42247","44852","92.3821859712634"
"16851","42247","44853","92.3821859712634"
"16852","42247","44854","92.3821859712634"
"16853","44665","44857","7.46917742285859"
"16854","43065","44858","63.5110837398488"
"16855","43065","44859","63.5110837398488"
"16856","44692","44860","6.49618737098672"
"16857","42858","44861","71.0943186341096"
"16858","44528","44862","12.0613643394777"
"16859","44528","44863","12.0613643394777"
"16860","44285","44865","21.0985628850003"
"16861","44285","44866","21.0985628850003"
"16862","44639","44867","8.49536125608938"
"16863","44639","44868","8.49536125608938"
"16864","44639","44869","8.49536125608938"
"16865","42212","44870","94.7747895048947"
"16866","42212","44871","94.7747895048947"
"16867","42212","44872","94.7747895048947"
"16868","42212","44873","94.7747895048947"
"16869","42212","44874","94.7747895048947"
"16870","44580","44875","10.9846303970189"
"16871","44580","44876","10.9846303970189"
"16872","44580","44877","10.9846303970189"
"16873","44580","44878","10.9846303970189"
"16874","44580","44879","10.9846303970189"
"16875","44580","44880","10.9846303970189"
"16876","44580","44881","10.9846303970189"
"16877","44253","44882","22.9131357276865"
"16878","44253","44883","22.9131357276865"
"16879","44253","44884","22.9131357276865"
"16880","44253","44885","22.9131357276865"
"16881","43989","44887","32.2479850259538"
"16882","44397","44888","17.2766134553503"
"16883","43585","44890","47.413989033178"
"16884","44376","44894","18.966713993334"
"16885","44376","44895","18.966713993334"
"16886","44376","44896","18.966713993334"
"16887","44312","44897","21.3407477900655"
"16888","44312","44898","21.3407477900655"
"16889","43625","44899","46.5993567842474"
"16890","44698","44903","7.50117202353522"
"16891","44698","44904","7.50117202353522"
"16892","44698","44905","7.50117202353522"
"16893","44087","44909","29.5456058120708"
"16894","44087","44910","29.5456058120708"
"16895","44087","44911","29.5456058120708"
"16896","44087","44912","29.5456058120708"
"16897","44535","44914","13.8201716620338"
"16898","44535","44915","13.8201716620338"
"16899","44535","44916","13.8201716620338"
"16900","44535","44917","13.8201716620338"
"16901","44535","44918","13.8201716620338"
"16902","43604","44922","47.6407821327393"
"16903","43604","44923","47.6407821327393"
"16904","44404","44932","18.4568031298982"
"16905","43731","44935","43.7125238866824"
"16906","43731","44936","43.7125238866824"
"16907","43694","44939","45.3967530539539"
"16908","43694","44940","45.3967530539539"
"16909","44182","44941","27.1422689296101"
"16910","44788","44942","5.09957414767268"
"16911","43398","44943","54.9564909282685"
"16912","44795","44944","5.06294491077688"
"16913","43574","44945","49.3361191412255"
"16914","44697","44947","9.17330957480272"
"16915","44095","44948","30.8891281448764"
"16916","44325","44949","22.3664314619582"
"16917","44325","44950","22.3664314619582"
"16918","44325","44951","22.3664314619582"
"16919","44325","44952","22.3664314619582"
"16920","44325","44953","22.3664314619582"
"16921","44325","44954","22.3664314619582"
"16922","44325","44955","22.3664314619582"
"16923","43515","44956","52.1517600582665"
"16924","43515","44957","52.1517600582665"
"16925","43515","44958","52.1517600582665"
"16926","44432","44959","18.5630872586921"
"16927","44619","44965","12.0631658855787"
"16928","44382","44966","20.8625177408185"
"16929","43956","44967","36.738980303523"
"16930","42220","44968","97.7232752151649"
"16931","42220","44969","97.7232752151649"
"16932","42220","44970","97.7232752151649"
"16933","42220","44971","97.7232752151649"
"16934","42220","44972","97.7232752151649"
"16935","44389","44974","20.7888206088073"
"16936","44389","44975","20.7888206088073"
"16937","44389","44976","20.7888206088073"
"16938","43717","44978","45.7281049551198"
"16939","43717","44979","45.7281049551198"
"16940","43717","44980","45.7281049551198"
"16941","44383","44981","21.215430177695"
"16942","42614","44982","84.2462150394167"
"16943","44497","44983","16.7826068855102"
"16944","44497","44984","16.7826068855102"
"16945","44494","44988","16.8993189924554"
"16946","43550","44989","51.5302312296476"
"16947","43550","44990","51.5302312296476"
"16948","44731","44991","8.7987197407283"
"16949","43633","44992","48.6847850763384"
"16950","44862","44997","3.95734012921548"
"16951","44862","44998","3.95734012921548"
"16952","44862","44999","3.95734012921548"
"16953","44862","45000","3.95734012921548"
"16954","44684","45001","10.7529816442902"
"16955","44684","45002","10.7529816442902"
"16956","42829","45003","75.6032714952535"
"16957","43498","45008","53.6786941987225"
"16958","43498","45009","53.6786941987225"
"16959","43498","45010","53.6786941987225"
"16960","43498","45011","53.6786941987225"
"16961","43498","45012","53.6786941987225"
"16962","40004","45015","181.126110388896"
"16963","44591","45016","14.5905996253528"
"16964","44591","45017","14.5905996253528"
"16965","44597","45018","14.4022850957385"
"16966","44096","45019","32.5597874970863"
"16967","44096","45020","32.5597874970863"
"16968","43399","45022","56.9576162622961"
"16969","44130","45031","32.0358681608368"
"16970","44130","45032","32.0358681608368"
"16971","44861","45037","5.38051157368454"
"16972","44861","45038","5.38051157368454"
"16973","44861","45039","5.38051157368454"
"16974","44711","45040","10.9510703676174"
"16975","44711","45041","10.9510703676174"
"16976","44723","45042","10.4970212293588"
"16977","44634","45046","13.7777142065047"
"16978","44296","45049","26.1563062383534"
"16979","44296","45050","26.1563062383534"
"16980","44746","45053","10.4696317513512"
"16981","44746","45054","10.4696317513512"
"16982","44466","45055","19.6585135464748"
"16983","44663","45056","13.7156608753107"
"16984","44663","45057","13.7156608753107"
"16985","44663","45058","13.7156608753107"
"16986","44663","45059","13.7156608753107"
"16987","43902","45060","40.7334846127087"
"16988","43902","45061","40.7334846127087"
"16989","44598","45062","15.7813434628529"
"16990","44425","45063","21.9729673888555"
"16991","43907","45064","41.0278104412882"
"16992","44939","45065","3.75461991141583"
"16993","44939","45066","3.75461991141583"
"16994","44939","45067","3.75461991141583"
"16995","44866","45068","6.29470223371936"
"16996","44628","45076","15.0549483207064"
"16997","44628","45077","15.0549483207064"
"16998","44628","45078","15.0549483207064"
"16999","44317","45079","26.1942652999387"
"17000","44317","45080","26.1942652999387"
"17001","44440","45081","21.6483949600943"
"17002","44440","45082","21.6483949600943"
"17003","44440","45083","21.6483949600943"
"17004","44476","45085","20.6354517279556"
"17005","44476","45086","20.6354517279556"
"17006","44476","45087","20.6354517279556"
"17007","43919","45088","41.2843623057424"
"17008","44010","45089","37.6552067194357"
"17009","43413","45091","58.84712325684"
"17010","43413","45092","58.84712325684"
"17011","43413","45093","58.84712325684"
"17012","43413","45094","58.84712325684"
"17013","44771","45107","10.6789439451286"
"17014","44771","45108","10.6789439451286"
"17015","44502","45109","20.2986891539881"
"17016","44708","45110","13.1572933969974"
"17017","44708","45111","13.1572933969974"
"17018","43705","45112","50.0699994748725"
"17019","45017","45115","3.23802237533209"
"17020","40837","45116","153.344241106667"
"17021","40837","45117","153.344241106667"
"17022","44957","45118","4.78490053217365"
"17023","44957","45119","4.78490053217365"
"17024","44957","45120","4.78490053217365"
"17025","44709","45121","13.5329654506645"
"17026","44709","45122","13.5329654506645"
"17027","44709","45123","13.5329654506645"
"17028","44709","45124","13.5329654506645"
"17029","44709","45125","13.5329654506645"
"17030","44709","45126","13.5329654506645"
"17031","44550","45127","19.682976762927"
"17032","43466","45134","58.2154988293819"
"17033","44516","45135","20.5994167743693"
"17034","44975","45136","4.63072604044237"
"17035","44975","45137","4.63072604044237"
"17036","44975","45138","4.63072604044237"
"17037","44975","45139","4.63072604044237"
"17038","44160","45140","34.0682252177212"
"17039","44160","45141","34.0682252177212"
"17040","44899","45142","6.84758715177941"
"17041","44899","45143","6.84758715177941"
"17042","43501","45144","58.0271942697891"
"17043","43501","45145","58.0271942697891"
"17044","45010","45146","4.46109129398928"
"17045","41292","45148","138.712721135122"
"17046","41292","45149","138.712721135122"
"17047","41292","45150","138.712721135122"
"17048","44590","45151","18.8717131072476"
"17049","44561","45153","20.0712280673215"
"17050","44561","45154","20.0712280673215"
"17051","44561","45155","20.0712280673215"
"17052","44863","45157","8.92733837397782"
"17053","44863","45158","8.92733837397782"
"17054","44863","45159","8.92733837397782"
"17055","43551","45160","56.659033873756"
"17056","44797","45161","11.2612571809354"
"17057","44825","45162","10.6179805241823"
"17058","44653","45163","17.1546421630637"
"17059","44653","45164","17.1546421630637"
"17060","44653","45165","17.1546421630637"
"17061","44742","45166","13.7935041390333"
"17062","44025","45167","39.4466524559057"
"17063","44025","45168","39.4466524559057"
"17064","44786","45170","11.7547306886058"
"17065","44786","45171","11.7547306886058"
"17066","44786","45172","11.7547306886058"
"17067","44944","45173","6.65760810983011"
"17068","44944","45174","6.65760810983011"
"17069","44944","45175","6.65760810983011"
"17070","44944","45176","6.65760810983011"
"17071","44944","45177","6.65760810983011"
"17072","44944","45178","6.65760810983011"
"17073","44944","45179","6.65760810983011"
"17074","44822","45180","11.2959011519097"
"17075","44822","45181","11.2959011519097"
"17076","44822","45182","11.2959011519097"
"17077","42379","45188","97.7224902261323"
"17078","42379","45189","97.7224902261323"
"17079","42495","45190","93.8754973690907"
"17080","42495","45191","93.8754973690907"
"17081","42495","45192","93.8754973690907"
"17082","44379","45199","27.6206029659902"
"17083","44637","45201","18.5001233659073"
"17084","44163","45202","36.0493862482149"
"17085","44163","45203","36.0493862482149"
"17086","44003","45204","41.1372706521015"
"17087","44003","45205","41.1372706521015"
"17088","44215","45210","33.9883499531375"
"17089","44215","45211","33.9883499531375"
"17090","44215","45212","33.9883499531375"
"17091","44914","45213","8.65951247490102"
"17092","43510","45214","59.8112709351067"
"17093","43510","45215","59.8112709351067"
"17094","43396","45219","62.8795219400286"
"17095","44503","45226","23.5657744777045"
"17096","44824","45231","12.3871475971259"
"17097","44824","45232","12.3871475971259"
"17098","44661","45233","18.7408078537401"
"17099","44809","45234","13.0818074770968"
"17100","44867","45235","10.9464333975407"
"17101","44867","45236","10.9464333975407"
"17102","44999","45237","7.18548620945603"
"17103","44999","45238","7.18548620945603"
"17104","44999","45239","7.18548620945603"
"17105","42472","45240","96.0530528692616"
"17106","44887","45246","10.8903021005399"
"17107","45008","45247","7.28427001326554"
"17108","45008","45248","7.28427001326554"
"17109","45008","45249","7.28427001326554"
"17110","45008","45250","7.28427001326554"
"17111","44405","45252","27.5857894233645"
"17112","44405","45253","27.5857894233645"
"17113","44860","45256","11.616016965419"
"17114","44847","45259","12.1657598667657"
"17115","45066","45260","5.3777548693738"
"17116","44984","45265","8.42759765444953"
"17117","43629","45266","57.0869513246234"
"17118","43629","45267","57.0869513246234"
"17119","43629","45268","57.0869513246234"
"17120","43629","45269","57.0869513246234"
"17121","44316","45274","32.1003133317549"
"17122","44573","45275","23.2789159865983"
"17123","44573","45276","23.2789159865983"
"17124","44784","45277","15.0066339850482"
"17125","44784","45278","15.0066339850482"
"17126","44970","45282","9.23328717611685"
"17127","44970","45283","9.23328717611685"
"17128","44970","45284","9.23328717611685"
"17129","44970","45285","9.23328717611685"
"17130","44970","45286","9.23328717611685"
"17131","44970","45287","9.23328717611685"
"17132","44575","45290","23.6595523366277"
"17133","44575","45291","23.6595523366277"
"17134","42989","45297","79.5463124342496"
"17135","44773","45298","16.5048999720261"
"17136","44773","45299","16.5048999720261"
"17137","44695","45300","19.5815507998609"
"17138","44536","45302","25.3560550536636"
"17139","44536","45303","25.3560550536636"
"17140","44536","45304","25.3560550536636"
"17141","44536","45305","25.3560550536636"
"17142","45054","45306","7.6657659186767"
"17143","45054","45307","7.6657659186767"
"17144","44949","45308","10.51175104917"
"17145","44949","45309","10.51175104917"
"17146","44949","45310","10.51175104917"
"17147","43094","45311","76.5926441347956"
"17148","44022","45312","44.0048468788627"
"17149","44022","45313","44.0048468788627"
"17150","44022","45314","44.0048468788627"
"17151","45141","45315","5.58339259010972"
"17152","45141","45316","5.58339259010972"
"17153","45141","45317","5.58339259010972"
"17154","45001","45318","9.7857711425354"
"17155","44589","45319","24.0959217091049"
"17156","44589","45320","24.0959217091049"
"17157","43879","45321","49.2377768911856"
"17158","43879","45322","49.2377768911856"
"17159","43879","45323","49.2377768911856"
"17160","43879","45324","49.2377768911856"
"17161","42702","45325","90.8855664937219"
"17162","42702","45326","90.8855664937219"
"17163","42702","45327","90.8855664937219"
"17164","42702","45328","90.8855664937219"
"17165","44537","45330","26.0601687857124"
"17166","45080","45331","7.55096647141772"
"17167","45080","45332","7.55096647141772"
"17168","45080","45333","7.55096647141772"
"17169","45080","45334","7.55096647141772"
"17170","43856","45346","50.8260865196148"
"17171","43856","45347","50.8260865196148"
"17172","44608","45355","24.2762794657092"
"17173","44845","45356","15.8619923769634"
"17174","43969","45359","48.6498247878376"
"17175","43969","45360","48.6498247878376"
"17176","43969","45361","48.6498247878376"
"17177","44103","45362","43.2242525886263"
"17178","44880","45363","15.4672809219915"
"17179","44880","45364","15.4672809219915"
"17180","44880","45365","15.4672809219915"
"17181","44880","45366","15.4672809219915"
"17182","44880","45367","15.4672809219915"
"17183","44880","45368","15.4672809219915"
"17184","44782","45369","18.2629505655273"
"17185","44782","45370","18.2629505655273"
"17186","44782","45371","18.2629505655273"
"17187","44782","45372","18.2629505655273"
"17188","44782","45373","18.2629505655273"
"17189","44558","45374","27.1212713394038"
"17190","43002","45375","81.541670842319"
"17191","45150","45377","7.45396060422354"
"17192","45150","45378","7.45396060422354"
"17193","43098","45379","78.7913146305127"
"17194","43098","45380","78.7913146305127"
"17195","44668","45382","23.7533082955156"
"17196","44668","45383","23.7533082955156"
"17197","44668","45384","23.7533082955156"
"17198","44668","45385","23.7533082955156"
"17199","44668","45386","23.7533082955156"
"17200","44668","45387","23.7533082955156"
"17201","44668","45388","23.7533082955156"
"17202","44668","45389","23.7533082955156"
"17203","40749","45390","165.050321162253"
"17204","40749","45391","165.050321162253"
"17205","40749","45392","165.050321162253"
"17206","43642","45393","60.9959264594659"
"17207","44696","45394","22.5775561505429"
"17208","44696","45395","22.5775561505429"
"17209","44696","45396","22.5775561505429"
"17210","44696","45397","22.5775561505429"
"17211","44696","45398","22.5775561505429"
"17212","44696","45399","22.5775561505429"
"17213","44897","45401","15.0809689171529"
"17214","44897","45402","15.0809689171529"
"17215","44897","45403","15.0809689171529"
"17216","44897","45404","15.0809689171529"
"17217","44897","45405","15.0809689171529"
"17218","45127","45412","8.65058335266303"
"17219","45127","45413","8.65058335266303"
"17220","44821","45414","18.4558143915442"
"17221","44896","45415","15.4514358826254"
"17222","45076","45416","10.2298176530517"
"17223","44798","45419","19.0436549363853"
"17224","44499","45423","29.9605117713536"
"17225","44490","45424","29.9978682783658"
"17226","45153","45425","8.09819247167115"
"17227","45153","45426","8.09819247167115"
"17228","43905","45428","51.858440994527"
"17229","43905","45429","51.858440994527"
"17230","43905","45430","51.858440994527"
"17231","43905","45431","51.858440994527"
"17232","45178","45435","7.96008044412883"
"17233","45172","45436","8.14822275145752"
"17234","44997","45438","13.6276733761911"
"17235","44997","45439","13.6276733761911"
"17236","44997","45440","13.6276733761911"
"17237","44997","45441","13.6276733761911"
"17238","42825","45442","89.2535328419754"
"17239","42825","45443","89.2535328419754"
"17240","44023","45449","48.1243890002579"
"17241","44803","45451","20.0379012233661"
"17242","44803","45452","20.0379012233661"
"17243","44803","45453","20.0379012233661"
"17244","45125","45454","9.98784417334173"
"17245","45125","45455","9.98784417334173"
"17246","45137","45456","9.84637360101442"
"17247","44311","45457","38.0669105029369"
"17248","45238","45459","6.95566682672643"
"17249","45304","45460","4.82159811300608"
"17250","45304","45461","4.82159811300608"
"17251","45304","45462","4.82159811300608"
"17252","45116","45469","10.9172723122347"
"17253","42368","45473","107.141048905091"
"17254","42368","45474","107.141048905091"
"17255","42368","45475","107.141048905091"
"17256","41205","45482","151.866712292142"
"17257","45050","45485","13.5620581425069"
"17258","45050","45486","13.5620581425069"
"17259","44488","45487","32.6004413201749"
"17260","44707","45488","24.7738653419592"
"17261","45300","45490","6.07936823374666"
"17262","45300","45491","6.07936823374666"
"17263","45300","45492","6.07936823374666"
"17264","45456","45493","1.43842676113172"
"17265","45330","45495","5.48015979259253"
"17266","44675","45497","27.129506203541"
"17267","45219","45498","9.08713705385208"
"17268","44753","45499","23.9815953586381"
"17269","45364","45500","4.14564960435064"
"17270","45364","45501","4.14564960435064"
"17271","45364","45502","4.14564960435064"
"17272","45364","45503","4.14564960435064"
"17273","45278","45504","7.45847571833883"
"17274","44883","45509","19.797121402145"
"17275","45327","45511","6.3780572052101"
"17276","45120","45512","12.5237218951461"
"17277","45120","45513","12.5237218951461"
"17278","45120","45514","12.5237218951461"
"17279","45120","45515","12.5237218951461"
"17280","45120","45516","12.5237218951461"
"17281","45031","45517","15.3462726840189"
"17282","45031","45518","15.3462726840189"
"17283","42297","45519","111.606550937323"
"17284","45145","45520","12.1926183218125"
"17285","43702","45521","63.2253983559494"
"17286","45277","45522","8.27022632309445"
"17287","45277","45523","8.27022632309445"
"17288","45088","45526","14.1159138293442"
"17289","45088","45527","14.1159138293442"
"17290","45088","45528","14.1159138293442"
"17291","44266","45540","43.3206678684651"
"17292","44266","45541","43.3206678684651"
"17293","45142","45549","13.1806469517173"
"17294","45142","45550","13.1806469517173"
"17295","45142","45551","13.1806469517173"
"17296","45142","45552","13.1806469517173"
"17297","45142","45553","13.1806469517173"
"17298","45078","45554","15.0120345261439"
"17299","45414","45555","4.83246719940553"
"17300","45439","45557","4.05809469871929"
"17301","44721","45559","26.788259073724"
"17302","44818","45560","23.5422208877776"
"17303","44818","45561","23.5422208877776"
"17304","45039","45563","16.4269594097059"
"17305","45039","45564","16.4269594097059"
"17306","44800","45565","24.0150257780765"
"17307","44982","45566","18.1718612157788"
"17308","45290","45567","8.97211034596285"
"17309","45290","45568","8.97211034596285"
"17310","45148","45572","13.463958987998"
"17311","45148","45573","13.463958987998"
"17312","45148","45574","13.463958987998"
"17313","45148","45575","13.463958987998"
"17314","44816","45576","24.0759508055612"
"17315","44831","45577","23.2422379960017"
"17316","43473","45584","72.446396841553"
"17317","45049","45585","16.8513728736834"
"17318","45049","45586","16.8513728736834"
"17319","45049","45587","16.8513728736834"
"17320","45049","45588","16.8513728736834"
"17321","44252","45589","45.0213257828418"
"17322","45151","45590","13.8411349505773"
"17323","45151","45591","13.8411349505773"
"17324","45151","45592","13.8411349505773"
"17325","45151","45593","13.8411349505773"
"17326","45151","45594","13.8411349505773"
"17327","45151","45595","13.8411349505773"
"17328","45151","45596","13.8411349505773"
"17329","45151","45597","13.8411349505773"
"17330","45151","45598","13.8411349505773"
"17331","45377","45603","6.74625371587399"
"17332","45165","45609","13.9057159582467"
"17333","45165","45610","13.9057159582467"
"17334","44431","45618","38.6995163184656"
"17335","44431","45619","38.6995163184656"
"17336","45287","45620","10.9485031891386"
"17337","44534","45621","35.6895506872079"
"17338","44534","45622","35.6895506872079"
"17339","45205","45623","13.4621910991168"
"17340","44940","45624","21.2110007012657"
"17341","44940","45625","21.2110007012657"
"17342","44940","45626","21.2110007012657"
"17343","44747","45627","28.4976202011621"
"17344","44747","45628","28.4976202011621"
"17345","45192","45629","14.3188855728722"
"17346","45192","45630","14.3188855728722"
"17347","45192","45631","14.3188855728722"
"17348","44776","45632","26.7425152247279"
"17349","44776","45633","26.7425152247279"
"17350","44853","45635","24.4986198511215"
"17351","44998","45636","20.1684817920159"
"17352","44998","45637","20.1684817920159"
"17353","44998","45638","20.1684817920159"
"17354","44998","45639","20.1684817920159"
"17355","45473","45640","5.28789141914785"
"17356","44770","45644","27.4873060141517"
"17357","44770","45645","27.4873060141517"
"17358","43695","45646","66.8729895507413"
"17359","44480","45650","37.8924331623843"
"17360","44480","45651","37.8924331623843"
"17361","44777","45652","26.9286889944956"
"17362","45189","45653","14.7423888480275"
"17363","45189","45654","14.7423888480275"
"17364","45306","45656","11.1372776619864"
"17365","45079","45657","18.034067623752"
"17366","45475","45658","5.73621808409553"
"17367","45475","45659","5.73621808409553"
"17368","45475","45660","5.73621808409553"
"17369","45475","45661","5.73621808409553"
"17370","45475","45662","5.73621808409553"
"17371","44712","45663","30.2223136742682"
"17372","45390","45664","8.49179213665229"
"17373","44865","45667","24.7200547818707"
"17374","44988","45669","21.1331181673786"
"17375","44521","45670","37.3113705059141"
"17376","44521","45671","37.3113705059141"
"17377","44521","45672","37.3113705059141"
"17378","44632","45673","33.3791081319005"
"17379","44852","45674","25.6185523512313"
"17380","44852","45675","25.6185523512313"
"17381","44852","45676","25.6185523512313"
"17382","44852","45677","25.6185523512313"
"17383","45423","45678","8.31968996942987"
"17384","45423","45679","8.31968996942987"
"17385","45423","45680","8.31968996942987"
"17386","45423","45681","8.31968996942987"
"17387","44888","45682","24.5821889224117"
"17388","44859","45684","25.6772928291152"
"17389","44859","45685","25.6772928291152"
"17390","45121","45686","17.5656616297765"
"17391","43900","45687","60.3972849947741"
"17392","45122","45688","17.7000462840087"
"17393","43988","45690","57.9801800289119"
"17394","43988","45691","57.9801800289119"
"17395","45443","45698","8.39994366808605"
"17396","44728","45699","31.0806920101618"
"17397","44728","45700","31.0806920101618"
"17398","44728","45701","31.0806920101618"
"17399","44728","45702","31.0806920101618"
"17400","43628","45704","71.2660576596468"
"17401","43628","45705","71.2660576596468"
"17402","43628","45706","71.2660576596468"
"17403","44778","45712","28.8730333614544"
"17404","44778","45713","28.8730333614544"
"17405","44778","45714","28.8730333614544"
"17406","45240","45715","14.9347995545436"
"17407","45240","45716","14.9347995545436"
"17408","45053","45720","20.6317374194641"
"17409","45053","45721","20.6317374194641"
"17410","45053","45722","20.6317374194641"
"17411","45322","45723","12.5194103872564"
"17412","45322","45724","12.5194103872564"
"17413","45161","45725","17.5142235936255"
"17414","44324","45727","46.0052587484015"
"17415","44324","45728","46.0052587484015"
"17416","44401","45729","42.8975281278217"
"17417","44401","45730","42.8975281278217"
"17418","44401","45731","42.8975281278217"
"17419","44772","45732","29.901181081565"
"17420","44772","45733","29.901181081565"
"17421","44981","45734","22.9817361206392"
"17422","45486","45735","7.5466482408915"
"17423","45486","45736","7.5466482408915"
"17424","45486","45737","7.5466482408915"
"17425","45549","45740","5.28224651688606"
"17426","44327","45741","45.9518195880401"
"17427","45214","45742","16.3904620047833"
"17428","45138","45743","18.8124159798263"
"17429","45328","45744","12.9759451235882"
"17430","44720","45745","32.1111100984449"
"17431","44720","45746","32.1111100984449"
"17432","44720","45747","32.1111100984449"
"17433","44720","45748","32.1111100984449"
"17434","44641","45749","35.386181093837"
"17435","44641","45750","35.386181093837"
"17436","44851","45753","27.7960033979584"
"17437","45356","45754","12.1246852870709"
"17438","45356","45755","12.1246852870709"
"17439","44932","45756","25.0736386108692"
"17440","44667","45757","35.0844876510514"
"17441","45256","45760","15.9897178670767"
"17442","45108","45761","20.2188359732449"
"17443","45564","45762","5.88436918605566"
"17444","45564","45763","5.88436918605566"
"17445","44802","45764","29.8338983176145"
"17446","45259","45765","16.2258658584351"
"17447","44876","45766","27.6236673983826"
"17448","45495","45770","8.68779557486414"
"17449","45495","45771","8.68779557486414"
"17450","45495","45772","8.68779557486414"
"17451","45516","45773","7.8538908768719"
"17452","45516","45774","7.8538908768719"
"17453","45260","45775","16.5188913387819"
"17454","45260","45776","16.5188913387819"
"17455","45260","45777","16.5188913387819"
"17456","44686","45780","35.0237541429901"
"17457","45620","45781","4.67625821456977"
"17458","44958","45782","25.3243408139906"
"17459","44991","45783","24.5742791154262"
"17460","44097","45784","56.3279253320634"
"17461","44097","45785","56.3279253320634"
"17462","45302","45786","15.0930799263947"
"17463","45302","45787","15.0930799263947"
"17464","45302","45788","15.0930799263947"
"17465","43506","45790","77.9263461588639"
"17466","43506","45791","77.9263461588639"
"17467","44685","45792","35.3208269498568"
"17468","44685","45793","35.3208269498568"
"17469","44685","45794","35.3208269498568"
"17470","44817","45795","30.5259613926664"
"17471","44817","45796","30.5259613926664"
"17472","45038","45797","23.2592017818233"
"17473","45038","45798","23.2592017818233"
"17474","44399","45800","45.2247370974396"
"17475","44952","45803","25.75825049891"
"17476","44952","45804","25.75825049891"
"17477","45636","45805","4.65864763441095"
"17478","45636","45806","4.65864763441095"
"17479","44249","45807","51.4104250838864"
"17480","45679","45808","3.65764820552613"
"17481","44319","45809","48.5391518539786"
"17482","44319","45810","48.5391518539786"
"17483","45370","45813","13.2537951699846"
"17484","45428","45823","12.2687932090694"
"17485","45181","45824","19.8766109899493"
"17486","45181","45825","19.8766109899493"
"17487","45391","45826","13.4343450254187"
"17488","45203","45827","19.4425502994445"
"17489","45203","45828","19.4425502994445"
"17490","45440","45829","12.2086837519128"
"17491","45440","45831","12.2086837519128"
"17492","45440","45832","12.2086837519128"
"17493","45378","45833","13.8109685217187"
"17494","44881","45834","29.682273069292"
"17495","44881","45835","29.682273069292"
"17496","44881","45836","29.682273069292"
"17497","45060","45839","24.1018132675918"
"17498","45513","45840","9.71370777847096"
"17499","45513","45841","9.71370777847096"
"17500","45521","45842","9.35364784214153"
"17501","45521","45843","9.35364784214153"
"17502","45521","45844","9.35364784214153"
"17503","45585","45847","7.89631858611892"
"17504","44122","45855","57.4707991246541"
"17505","44155","45859","56.5589235369148"
"17506","45415","45861","13.8716183044758"
"17507","45415","45862","13.8716183044758"
"17508","45299","45865","17.5170494634658"
"17509","43920","45866","65.2063695230527"
"17510","45686","45867","5.33643409057504"
"17511","45686","45868","5.33643409057504"
"17512","45686","45869","5.33643409057504"
"17513","44967","45870","27.4781302009001"
"17514","44967","45871","27.4781302009001"
"17515","45519","45872","10.1649311548736"
"17516","44804","45873","33.0812611557303"
"17517","44804","45874","33.0812611557303"
"17518","45309","45878","17.9943358638138"
"17519","44138","45879","58.1037490941721"
"17520","43415","45880","83.5032828998264"
"17521","43415","45881","83.5032828998264"
"17522","45555","45886","10.4870707196651"
"17523","45380","45887","16.0542367718149"
"17524","44827","45889","33.5985682509436"
"17525","44827","45890","33.5985682509436"
"17526","44827","45891","33.5985682509436"
"17527","44827","45892","33.5985682509436"
"17528","45675","45893","7.06066425376548"
"17529","45675","45894","7.06066425376548"
"17530","45675","45895","7.06066425376548"
"17531","45170","45896","22.9186877253751"
"17532","45170","45897","22.9186877253751"
"17533","45170","45898","22.9186877253751"
"17534","43839","45899","69.0972107512403"
"17535","43839","45900","69.0972107512403"
"17536","43839","45901","69.0972107512403"
"17537","43839","45902","69.0972107512403"
"17538","43839","45903","69.0972107512403"
"17539","45347","45910","17.4869504181015"
"17540","43573","45911","79.0742802606255"
"17541","45662","45914","7.97121540507896"
"17542","45662","45915","7.97121540507896"
"17543","45274","45918","20.229089774426"
"17544","45664","45919","8.09672765780078"
"17545","45664","45920","8.09672765780078"
"17546","44569","45921","43.688794224407"
"17547","45591","45922","10.437375233802"
"17548","45591","45923","10.437375233802"
"17549","43592","45924","78.9986449436828"
"17550","45705","45925","6.7337775500614"
"17551","45282","45926","20.4719128066504"
"17552","45282","45927","20.4719128066504"
"17553","45168","45933","24.0864747372302"
"17554","45491","45936","14.0883826491663"
"17555","45491","45937","14.0883826491663"
"17556","45491","45938","14.0883826491663"
"17557","45126","45939","25.52577929567"
"17558","45401","45940","17.0493308951436"
"17559","45401","45941","17.0493308951436"
"17560","45401","45942","17.0493308951436"
"17561","45781","45943","5.31044666646721"
"17562","45781","45944","5.31044666646721"
"17563","45781","45945","5.31044666646721"
"17564","45781","45946","5.31044666646721"
"17565","45781","45947","5.31044666646721"
"17566","45781","45948","5.31044666646721"
"17567","45305","45950","20.4182969367544"
"17568","43862","45951","69.5501519032791"
"17569","43862","45952","69.5501519032791"
"17570","43862","45953","69.5501519032791"
"17571","43862","45954","69.5501519032791"
"17572","43862","45955","69.5501519032791"
"17573","43862","45956","69.5501519032791"
"17574","43862","45957","69.5501519032791"
"17575","45690","45958","7.86632601619931"
"17576","45690","45959","7.86632601619931"
"17577","45690","45960","7.86632601619931"
"17578","44171","45961","59.1407250092443"
"17579","44171","45962","59.1407250092443"
"17580","45631","45964","10.0498612577653"
"17581","44850","45966","34.6268138171808"
"17582","44850","45967","34.6268138171808"
"17583","44850","45968","34.6268138171808"
"17584","45685","45973","8.75061382241483"
"17585","45685","45974","8.75061382241483"
"17586","45685","45975","8.75061382241483"
"17587","45685","45976","8.75061382241483"
"17588","45685","45977","8.75061382241483"
"17589","44520","45978","46.6133823049408"
"17590","44520","45979","46.6133823049408"
"17591","44520","45980","46.6133823049408"
"17592","44520","45982","46.6133823049408"
"17593","44520","45983","46.6133823049408"
"17594","42783","45984","107.335945493009"
"17595","44954","45985","31.3591180477174"
"17596","44475","45986","48.1138492847736"
"17597","44475","45987","48.1138492847736"
"17598","45056","45989","28.5926250691246"
"17599","45056","45990","28.5926250691246"
"17600","45056","45991","28.5926250691246"
"17601","45744","45992","7.72844086126179"
"17602","45518","45993","14.1341868590762"
"17603","45331","45994","20.6664423136972"
"17604","45331","45995","20.6664423136972"
"17605","45527","45997","13.8181341296035"
"17606","45527","45998","13.8181341296035"
"17607","45527","45999","13.8181341296035"
"17608","45527","46000","13.8181341296035"
"17609","45431","46003","17.8997823228201"
"17610","43627","46004","80.1604257498579"
"17611","45576","46005","12.9427564446246"
"17612","45576","46006","12.9427564446246"
"17613","45332","46007","21.0060537658387"
"17614","45332","46008","21.0060537658387"
"17615","45332","46009","21.0060537658387"
"17616","45517","46011","14.5565151404312"
"17617","45517","46012","14.5565151404312"
"17618","45517","46013","14.5565151404312"
"17619","45469","46014","16.4783417550857"
"17620","45469","46015","16.4783417550857"
"17621","45469","46016","16.4783417550857"
"17622","45469","46017","16.4783417550857"
"17623","45469","46018","16.4783417550857"
"17624","45469","46019","16.4783417550857"
"17625","45810","46024","6.4941789453942"
"17626","45124","46025","27.6743306262483"
"17627","45124","46026","27.6743306262483"
"17628","45375","46027","19.6801911372909"
"17629","45375","46028","19.6801911372909"
"17630","45375","46029","19.6801911372909"
"17631","44500","46033","48.7367626678852"
"17632","44500","46034","48.7367626678852"
"17633","44500","46035","48.7367626678852"
"17634","44500","46036","48.7367626678852"
"17635","45603","46038","13.2235966728722"
"17636","45512","46039","15.7606413351368"
"17637","45019","46041","31.5377820694634"
"17638","45807","46042","7.43640889356175"
"17639","45807","46043","7.43640889356175"
"17640","45586","46044","13.8484997513851"
"17641","45135","46045","28.1954575358727"
"17642","44429","46049","51.8742826267908"
"17643","45158","46050","27.5020398962097"
"17644","45754","46053","9.31037010458112"
"17645","45754","46054","9.31037010458112"
"17646","44976","46055","33.205337381039"
"17647","45635","46056","12.7999959672238"
"17648","45291","46073","23.9268370559957"
"17649","45291","46074","23.9268370559957"
"17650","45619","46078","13.7621927124751"
"17651","45619","46079","13.7621927124751"
"17652","45843","46080","6.94908762437672"
"17653","45671","46098","12.2693442597688"
"17654","45671","46099","12.2693442597688"
"17655","45731","46100","10.6381367479444"
"17656","45731","46101","10.6381367479444"
"17657","45144","46102","28.7877876650546"
"17658","45144","46103","28.7877876650546"
"17659","45832","46108","7.62479797746437"
"17660","45832","46109","7.62479797746437"
"17661","45177","46110","28.0434910837394"
"17662","45177","46111","28.0434910837394"
"17663","45669","46112","12.5784657099402"
"17664","45182","46115","28.1151434007684"
"17665","45182","46116","28.1151434007684"
"17666","45182","46117","28.1151434007684"
"17667","44532","46118","49.7850321269311"
"17668","45134","46119","29.6665867164834"
"17669","45134","46120","29.6665867164834"
"17670","45459","46121","19.641535032722"
"17671","45239","46122","26.6282932886375"
"17672","45215","46123","27.3403116640688"
"17673","45676","46124","12.7692243036854"
"17674","45676","46125","12.7692243036854"
"17675","45784","46126","9.54195692061921"
"17676","45784","46127","9.54195692061921"
"17677","45326","46132","24.3628072548122"
"17678","45733","46133","11.784945918067"
"17679","44091","46134","66.3539465523718"
"17680","44091","46135","66.3539465523718"
"17681","45952","46138","4.86284450812082"
"17682","45753","46139","11.3437885148842"
"17683","45713","46140","12.613041353115"
"17684","45372","46147","23.223584335226"
"17685","45978","46148","4.74251921392306"
"17686","45978","46149","4.74251921392306"
"17687","45978","46150","4.74251921392306"
"17688","45978","46151","4.74251921392306"
"17689","45166","46152","30.1824755222519"
"17690","45166","46153","30.1824755222519"
"17691","45492","46154","19.9204645172877"
"17692","45492","46155","19.9204645172877"
"17693","45492","46156","19.9204645172877"
"17694","46009","46162","4.43171492930924"
"17695","46009","46163","4.43171492930924"
"17696","44705","46164","45.195964126885"
"17697","45747","46165","12.8096101765504"
"17698","45827","46166","10.1730700229309"
"17699","45827","46167","10.1730700229309"
"17700","45827","46168","10.1730700229309"
"17701","45827","46169","10.1730700229309"
"17702","45791","46175","11.3929138695808"
"17703","45791","46176","11.3929138695808"
"17704","45791","46177","11.3929138695808"
"17705","45791","46178","11.3929138695808"
"17706","45791","46179","11.3929138695808"
"17707","44749","46180","44.5091101236908"
"17708","45847","46181","9.62464027746591"
"17709","44496","46182","53.0323587102048"
"17710","44496","46183","53.0323587102048"
"17711","44496","46184","53.0323587102048"
"17712","45283","46186","27.4085390415585"
"17713","45283","46187","27.4085390415585"
"17714","45740","46189","13.4418372655687"
"17715","44320","46193","59.8926472870812"
"17716","45249","46195","28.9092002466609"
"17717","45249","46196","28.9092002466609"
"17718","45249","46197","28.9092002466609"
"17719","45249","46198","28.9092002466609"
"17720","45249","46199","28.9092002466609"
"17721","45702","46200","14.3080469992597"
"17722","44576","46201","51.139052023374"
"17723","44576","46202","51.139052023374"
"17724","44576","46203","51.139052023374"
"17725","45385","46204","24.3266775020902"
"17726","45385","46205","24.3266775020902"
"17727","45385","46206","24.3266775020902"
"17728","45436","46209","22.9913638967409"
"17729","44714","46210","46.0268664402702"
"17730","45984","46214","6.28177959735149"
"17731","45861","46215","10.1118351934551"
"17732","45268","46216","28.5713555820239"
"17733","45622","46219","17.2432047730949"
"17734","45622","46220","17.2432047730949"
"17735","43769","46221","80.9194205416534"
"17736","43769","46222","80.9194205416534"
"17737","44912","46223","39.4055196707168"
"17738","44912","46224","39.4055196707168"
"17739","44912","46225","39.4055196707168"
"17740","44912","46226","39.4055196707168"
"17741","45727","46227","14.3766805741493"
"17742","45727","46228","14.3766805741493"
"17743","45727","46229","14.3766805741493"
"17744","45727","46230","14.3766805741493"
"17745","45727","46231","14.3766805741493"
"17746","45765","46232","13.2073642774617"
"17747","45765","46233","13.2073642774617"
"17748","45804","46239","12.4486508155187"
"17749","45804","46240","12.4486508155187"
"17750","46016","46242","6.01821960421148"
"17751","45785","46244","13.0543673896186"
"17752","42717","46245","117.670589297164"
"17753","46038","46246","5.55761221360171"
"17754","43716","46247","83.8170566371914"
"17755","43716","46248","83.8170566371914"
"17756","43716","46249","83.8170566371914"
"17757","43716","46250","83.8170566371914"
"17758","43716","46251","83.8170566371914"
"17759","43716","46252","83.8170566371914"
"17760","44491","46253","54.8211483265118"
"17761","44491","46254","54.8211483265118"
"17762","44491","46255","54.8211483265118"
"17763","44491","46256","54.8211483265118"
"17764","45735","46257","15.0582554490238"
"17765","45735","46258","15.0582554490238"
"17766","45881","46259","10.013802607149"
"17767","45881","46260","10.013802607149"
"17768","45955","46262","8.14508663440984"
"17769","44936","46267","39.8328401628341"
"17770","45369","46268","26.5453040972916"
"17771","45772","46270","14.2000444035784"
"17772","45968","46271","8.41565375962136"
"17773","45284","46272","30.0850763661119"
"17774","45284","46273","30.0850763661119"
"17775","44244","46275","65.8111123637818"
"17776","45896","46276","10.8314919436511"
"17777","45210","46277","32.749030280138"
"17778","43610","46278","88.8110961788475"
"17779","45923","46281","10.3855700689132"
"17780","45154","46282","34.5695347721266"
"17781","46102","46286","6.28215617071828"
"17782","46102","46287","6.28215617071828"
"17783","46102","46288","6.28215617071828"
"17784","45598","46289","21.1489970620823"
"17785","45598","46290","21.1489970620823"
"17786","45598","46291","21.1489970620823"
"17787","45639","46293","19.6254630509188"
"17788","45639","46294","19.6254630509188"
"17789","45874","46295","12.9127607779437"
"17790","45714","46296","17.7233503497318"
"17791","44439","46298","59.1270614837549"
"17792","44439","46299","59.1270614837549"
"17793","44439","46300","59.1270614837549"
"17794","44439","46301","59.1270614837549"
"17795","43652","46302","88.5403240471833"
"17796","43652","46303","88.5403240471833"
"17797","43652","46304","88.5403240471833"
"17798","46210","46305","3.63130708474682"
"17799","46210","46306","3.63130708474682"
"17800","46210","46307","3.63130708474682"
"17801","45893","46308","12.0407894729801"
"17802","45893","46309","12.0407894729801"
"17803","46121","46313","6.72689566864574"
"17804","45360","46314","28.7869378770365"
"17805","46147","46315","5.47926678834619"
"17806","46149","46316","5.48341304532278"
"17807","46149","46317","5.48341304532278"
"17808","46149","46318","5.48341304532278"
"17809","46149","46319","5.48341304532278"
"17810","45951","46320","10.7297654759604"
"17811","45951","46321","10.7297654759604"
"17812","45951","46322","10.7297654759604"
"17813","45951","46323","10.7297654759604"
"17814","45032","46326","39.4327399075723"
"17815","45032","46327","39.4327399075723"
"17816","45032","46328","39.4327399075723"
"17817","45750","46329","17.6188645353204"
"17818","45750","46330","17.6188645353204"
"17819","44287","46331","65.8617571516193"
"17820","45500","46332","24.9094405656174"
"17821","46108","46333","7.4437382087981"
"17822","46108","46334","7.4437382087981"
"17823","45943","46335","11.2396149618894"
"17824","46151","46336","5.88498984910075"
"17825","46041","46339","8.86995849461164"
"17826","45334","46347","31.3560879331603"
"17827","45795","46348","16.9095281520431"
"17828","45795","46349","16.9095281520431"
"17829","45795","46350","16.9095281520431"
"17830","45795","46351","16.9095281520431"
"17831","45795","46352","16.9095281520431"
"17832","45795","46353","16.9095281520431"
"17833","45795","46354","16.9095281520431"
"17834","45795","46355","16.9095281520431"
"17835","46148","46356","6.68767891860034"
"17836","46148","46357","6.68767891860034"
"17837","45573","46360","23.6548115598084"
"17838","44585","46361","56.2815884660827"
"17839","45992","46367","11.382533868918"
"17840","45992","46368","11.382533868918"
"17841","44527","46370","58.1553898649831"
"17842","44527","46371","58.1553898649831"
"17843","46074","46372","9.28484756743001"
"17844","45509","46374","25.9930722810236"
"17845","45509","46375","25.9930722810236"
"17846","45983","46377","11.9918400582619"
"17847","45983","46378","11.9918400582619"
"17848","45160","46381","37.3674693195235"
"17849","45160","46382","37.3674693195235"
"17850","45160","46383","37.3674693195235"
"17851","45393","46385","30.0692823380004"
"17852","45393","46386","30.0692823380004"
"17853","45393","46387","30.0692823380004"
"17854","46219","46388","5.43460743678907"
"17855","45887","46391","14.3994329868342"
"17856","45653","46397","22.4355722006221"
"17857","46118","46398","9.08545237197495"
"17858","46260","46399","5.09352658474609"
"17859","45989","46405","12.5107002671753"
"17860","45989","46406","12.5107002671753"
"17861","45989","46407","12.5107002671753"
"17862","45989","46408","12.5107002671753"
"17863","45365","46409","31.2344722303119"
"17864","45365","46410","31.2344722303119"
"17865","45365","46411","31.2344722303119"
"17866","46230","46412","6.04237180549944"
"17867","46230","46413","6.04237180549944"
"17868","46119","46420","9.57908553743118"
"17869","46119","46421","9.57908553743118"
"17870","46119","46422","9.57908553743118"
"17871","43079","46423","110.519346658175"
"17872","43079","46424","110.519346658175"
"17873","46155","46428","8.2012786081591"
"17874","45925","46429","14.6763524323374"
"17875","45925","46430","14.6763524323374"
"17876","46228","46431","6.61993433312182"
"17877","45678","46432","22.4504563394844"
"17878","45678","46433","22.4504563394844"
"17879","45701","46434","21.6545118427916"
"17880","45701","46435","21.6545118427916"
"17881","45701","46436","21.6545118427916"
"17882","45701","46437","21.6545118427916"
"17883","46304","46440","3.76531654304699"
"17884","46267","46442","5.64222685217646"
"17885","45732","46445","21.4184869297005"
"17886","44775","46446","50.9201343267796"
"17887","45425","46447","31.2170463455964"
"17888","46183","46449","8.3335818950859"
"17889","46183","46450","8.3335818950859"
"17890","45803","46451","19.6496130956421"
"17891","45490","46452","29.030764722374"
"17892","45749","46456","21.3861569271312"
"17893","45091","46457","41.4488964013171"
"17894","45275","46458","36.0759649745546"
"17895","45667","46470","23.8274199230295"
"17896","45667","46471","23.8274199230295"
"17897","45497","46472","29.0758010520331"
"17898","46354","46473","3.26938984466551"
"17899","45454","46474","30.8923723669918"
"17900","45454","46475","30.8923723669918"
"17901","45454","46476","30.8923723669918"
"17902","44689","46477","55.5083573668121"
"17903","45890","46478","16.7636883711752"
"17904","45890","46479","16.7636883711752"
"17905","45554","46480","27.4884645146512"
"17906","45725","46481","22.5337237975691"
"17907","45725","46482","22.5337237975691"
"17908","45980","46483","14.879518616005"
"17909","45865","46484","18.4388900981935"
"17910","45865","46485","18.4388900981935"
"17911","45773","46486","21.0809919985363"
"17912","45773","46487","21.0809919985363"
"17913","45773","46488","21.0809919985363"
"17914","45773","46489","21.0809919985363"
"17915","44911","46490","47.8885789620749"
"17916","46003","46491","14.4826703566523"
"17917","46281","46494","6.34822248379896"
"17918","46281","46495","6.34822248379896"
"17919","46281","46496","6.34822248379896"
"17920","46281","46497","6.34822248379896"
"17921","44664","46499","57.478761433204"
"17922","45688","46502","24.2114343478024"
"17923","45688","46503","24.2114343478024"
"17924","45688","46504","24.2114343478024"
"17925","45688","46505","24.2114343478024"
"17926","46167","46506","10.1041589348797"
"17927","46167","46507","10.1041589348797"
"17928","46167","46508","10.1041589348797"
"17929","46167","46509","10.1041589348797"
"17930","46167","46510","10.1041589348797"
"17931","45720","46518","23.7299673088805"
"17932","45720","46519","23.7299673088805"
"17933","45687","46522","24.6504108149843"
"17934","45687","46524","24.6504108149843"
"17935","45783","46531","22.0837043426209"
"17936","45966","46532","16.3664816717592"
"17937","46007","46533","15.4815982763657"
"17938","45394","46534","34.2494969259101"
"17939","45394","46535","34.2494969259101"
"17940","45321","46536","36.6971841564937"
"17941","46125","46537","12.8927339192969"
"17942","46125","46538","12.8927339192969"
"17943","46125","46539","12.8927339192969"
"17944","45899","46541","18.8497344355942"
"17945","45899","46542","18.8497344355942"
"17946","45320","46543","37.3365663901563"
"17947","46178","46544","11.2970943883524"
"17948","46178","46545","11.2970943883524"
"17949","46178","46546","11.2970943883524"
"17950","46178","46547","11.2970943883524"
"17951","46178","46548","11.2970943883524"
"17952","45977","46549","17.0371551220933"
"17953","45977","46550","17.0371551220933"
"17954","45926","46553","18.2870716548791"
"17955","45926","46554","18.2870716548791"
"17956","45498","46555","31.7219372169407"
"17957","45763","46556","23.8565894473909"
"17958","45763","46557","23.8565894473909"
"17959","45419","46558","34.8283217837334"
"17960","45419","46559","34.8283217837334"
"17961","45419","46560","34.8283217837334"
"17962","45910","46562","19.2376954677115"
"17963","45871","46563","20.8567839965094"
"17964","45871","46564","20.8567839965094"
"17965","45895","46565","19.6748266090549"
"17966","45895","46566","19.6748266090549"
"17967","45657","46569","27.5178201357594"
"17968","45657","46570","27.5178201357594"
"17969","45657","46571","27.5178201357594"
"17970","45792","46572","23.5569809944864"
"17971","45266","46573","39.904161392099"
"17972","45266","46574","39.904161392099"
"17973","45451","46580","34.4494934521022"
"17974","45451","46581","34.4494934521022"
"17975","45451","46582","34.4494934521022"
"17976","46150","46585","13.5131800675563"
"17977","46150","46586","13.5131800675563"
"17978","46124","46587","14.7175864475716"
"17979","46124","46588","14.7175864475716"
"17980","46124","46589","14.7175864475716"
"17981","46309","46592","8.40253336491378"
"17982","45248","46593","41.2517773758295"
"17983","45248","46594","41.2517773758295"
"17984","45248","46595","41.2517773758295"
"17985","45760","46596","25.3211447138619"
"17986","45760","46597","25.3211447138619"
"17987","45760","46598","25.3211447138619"
"17988","45760","46599","25.3211447138619"
"17989","44854","46601","53.3997711255661"
"17990","43385","46602","105.407706550716"
"17991","46244","46603","11.5616307051178"
"17992","46244","46604","11.5616307051178"
"17993","46244","46605","11.5616307051178"
"17994","46306","46609","8.96889512374537"
"17995","46456","46611","4.70182928302256"
"17996","46456","46612","4.70182928302256"
"17997","46268","46614","11.0063191483005"
"17998","45065","46617","47.1340030871233"
"17999","45065","46618","47.1340030871233"
"18000","45065","46619","47.1340030871233"
"18001","45399","46620","37.1405597367857"
"18002","45399","46621","37.1405597367857"
"18003","45399","46622","37.1405597367857"
"18004","45399","46623","37.1405597367857"
"18005","45609","46624","30.5352818268666"
"18006","45609","46625","30.5352818268666"
"18007","46348","46629","8.03944685066244"
"18008","45958","46630","19.8262944968042"
"18009","45898","46632","21.4055833616389"
"18010","45898","46633","21.4055833616389"
"18011","45898","46634","21.4055833616389"
"18012","46189","46636","13.5097406012314"
"18013","46189","46637","13.5097406012314"
"18014","45269","46639","41.608576220352"
"18015","45269","46640","41.608576220352"
"18016","46110","46641","16.4009902159714"
"18017","46110","46642","16.4009902159714"
"18018","43918","46643","88.4253813271143"
"18019","45118","46644","46.2262851961741"
"18020","45118","46645","46.2262851961741"
"18021","45118","46646","46.2262851961741"
"18022","45828","46647","24.478354917248"
"18023","45828","46648","24.478354917248"
"18024","43382","46651","106.627288959654"
"18025","43382","46652","106.627288959654"
"18026","43382","46653","106.627288959654"
"18027","43382","46654","106.627288959654"
"18028","43382","46655","106.627288959654"
"18029","46300","46656","10.2182703831213"
"18030","45844","46657","24.1456954193422"
"18031","46220","46658","13.3431607158282"
"18032","46220","46659","13.3431607158282"
"18033","46562","46660","2.63559354853487"
"18034","45485","46661","35.218535718423"
"18035","45485","46662","35.218535718423"
"18036","45485","46663","35.218535718423"
"18037","46282","46664","10.9855657799058"
"18038","45869","46666","23.6406817413344"
"18039","45869","46667","23.6406817413344"
"18040","45869","46668","23.6406817413344"
"18041","45990","46669","20.0027619533876"
"18042","44481","46672","68.2999257574929"
"18043","46286","46673","11.1007481041179"
"18044","46286","46674","11.1007481041179"
"18045","46566","46675","2.87143938539293"
"18046","45022","46676","50.0891508167865"
"18047","45022","46677","50.0891508167865"
"18048","45022","46678","50.0891508167865"
"18049","42934","46682","123.724041164031"
"18050","42934","46683","123.724041164031"
"18051","44470","46684","68.9640397550079"
"18052","44470","46685","68.9640397550079"
"18053","45232","46686","44.4367472345771"
"18054","45232","46687","44.4367472345771"
"18055","45232","46688","44.4367472345771"
"18056","43971","46689","88.2443776947066"
"18057","43971","46690","88.2443776947066"
"18058","43971","46691","88.2443776947066"
"18059","43971","46692","88.2443776947066"
"18060","46506","46693","5.46258907411175"
"18061","46099","46694","18.205523785788"
"18062","45809","46695","26.6825634403303"
"18063","46435","46696","8.01840236996168"
"18064","46175","46704","16.3711791663095"
"18065","45684","46705","30.8104221717649"
"18066","46399","46713","9.81173903593344"
"18067","45985","46714","22.4271266526443"
"18068","45985","46715","22.4271266526443"
"18069","45985","46716","22.4271266526443"
"18070","45985","46717","22.4271266526443"
"18071","46509","46718","6.8738618388893"
"18072","46013","46719","21.7681934980392"
"18073","41146","46721","191.284422533871"
"18074","41146","46722","191.284422533871"
"18075","46476","46723","8.24209818496729"
"18076","46476","46724","8.24209818496729"
"18077","45482","46728","38.2816556835924"
"18078","45902","46735","25.4392610862915"
"18079","45880","46748","26.0835284058871"
"18080","45627","46754","34.4288576794452"
"18081","46247","46758","16.6799969457779"
"18082","46247","46759","16.6799969457779"
"18083","46247","46760","16.6799969457779"
"18084","46247","46761","16.6799969457779"
"18085","46357","46763","12.6135373779998"
"18086","45866","46764","27.5804989582812"
"18087","45866","46765","27.5804989582812"
"18088","45967","46766","24.3098317570971"
"18089","45967","46767","24.3098317570971"
"18090","45903","46769","26.306494427507"
"18091","45873","46770","27.6741421001866"
"18092","46510","46771","8.72687185019322"
"18093","46510","46772","8.72687185019322"
"18094","46101","46774","21.5894831799533"
"18095","45892","46775","26.8328305698442"
"18096","45790","46777","30.4986577436894"
"18097","45790","46778","30.4986577436894"
"18098","45790","46779","30.4986577436894"
"18099","46572","46780","6.90987595178512"
"18100","46624","46781","5.65941360956322"
"18101","45756","46786","31.94149023201"
"18102","45894","46789","27.2932146154035"
"18103","45894","46790","27.2932146154035"
"18104","45894","46791","27.2932146154035"
"18105","45629","46792","35.6950631884274"
"18106","45629","46793","35.6950631884274"
"18107","45629","46794","35.6950631884274"
"18108","43213","46795","118.492547887373"
"18109","46542","46796","8.56309995007268"
"18110","46542","46797","8.56309995007268"
"18111","46542","46798","8.56309995007268"
"18112","46542","46800","8.56309995007268"
"18113","45416","46805","43.0730092982772"
"18114","45998","46806","25.0883017864317"
"18115","45998","46807","25.0883017864317"
"18116","46489","46808","10.7403683989528"
"18117","46489","46809","10.7403683989528"
"18118","45944","46810","26.5001950488454"
"18119","45944","46811","26.5001950488454"
"18120","45944","46812","26.5001950488454"
"18121","45944","46813","26.5001950488454"
"18122","45457","46814","42.2135122659165"
"18123","46597","46815","7.4675007127571"
"18124","46597","46816","7.4675007127571"
"18125","46222","46817","19.3780005401209"
"18126","45973","46818","26.3209710057627"
"18127","46605","46819","7.60384880257106"
"18128","46605","46820","7.60384880257106"
"18129","46605","46821","7.60384880257106"
"18130","46381","46822","14.3231157079936"
"18131","46381","46823","14.3231157079936"
"18132","46381","46824","14.3231157079936"
"18133","46381","46825","14.3231157079936"
"18134","46410","46826","13.6441994029437"
"18135","46410","46827","13.6441994029437"
"18136","46410","46828","13.6441994029437"
"18137","46410","46829","13.6441994029437"
"18138","46299","46834","16.7953814331313"
"18139","46253","46835","19.1530894550356"
"18140","45920","46836","28.1309222541267"
"18141","45920","46837","28.1309222541267"
"18142","45920","46838","28.1309222541267"
"18143","45761","46840","33.3395214444881"
"18144","45761","46841","33.3395214444881"
"18145","45761","46842","33.3395214444881"
"18146","45761","46843","33.3395214444881"
"18147","46407","46844","13.986428700749"
"18148","46336","46845","16.1054175781474"
"18149","46336","46846","16.1054175781474"
"18150","46336","46847","16.1054175781474"
"18151","46336","46848","16.1054175781474"
"18152","46156","46851","21.734663413934"
"18153","46028","46852","25.3723418221903"
"18154","46028","46853","25.3723418221903"
"18155","46571","46854","9.01415819119848"
"18156","45770","46855","32.9038760960912"
"18157","45770","46856","32.9038760960912"
"18158","45794","46857","32.6597139718488"
"18159","46623","46863","7.76954095906513"
"18160","46623","46864","7.76954095906513"
"18161","46623","46865","7.76954095906513"
"18162","46623","46866","7.76954095906513"
"18163","46623","46867","7.76954095906513"
"18164","46507","46869","11.5331961690335"
"18165","46677","46870","6.6364697530521"
"18166","46693","46878","6.31547311904797"
"18167","45179","46880","52.2942988017403"
"18168","45651","46882","37.6013850679074"
"18169","45651","46883","37.6013850679074"
"18170","45651","46884","37.6013850679074"
"18171","46386","46885","15.5652545229495"
"18172","46548","46891","11.0897437854696"
"18173","46548","46893","11.0897437854696"
"18174","46548","46894","11.0897437854696"
"18175","46548","46895","11.0897437854696"
"18176","46197","46896","22.0310449481194"
"18177","46560","46908","11.1240768165535"
"18178","46229","46909","21.7115654294589"
"18179","45878","46910","31.2374040004001"
"18180","45878","46911","31.2374040004001"
"18181","46674","46912","8.14519796763034"
"18182","46215","46916","22.6817765575274"
"18183","46450","46918","15.1376450804005"
"18184","46450","46919","15.1376450804005"
"18185","46450","46920","15.1376450804005"
"18186","45314","46921","49.6860112353688"
"18187","46232","46923","22.4648400448827"
"18188","46232","46924","22.4648400448827"
"18189","46531","46925","13.1401075629838"
"18190","46531","46926","13.1401075629838"
"18191","46531","46927","13.1401075629838"
"18192","46531","46928","13.1401075629838"
"18193","46841","46929","2.7237729686376"
"18194","46841","46930","2.7237729686376"
"18195","46543","46935","12.7828178594068"
"18196","45435","46937","46.5871922753563"
"18197","45435","46938","46.5871922753563"
"18198","46004","46939","28.9842005515807"
"18199","46004","46940","28.9842005515807"
"18200","46004","46941","28.9842005515807"
"18201","46004","46942","28.9842005515807"
"18202","46004","46943","28.9842005515807"
"18203","46004","46944","28.9842005515807"
"18204","46004","46945","28.9842005515807"
"18205","46835","46946","3.42830967491773"
"18206","46835","46947","3.42830967491773"
"18207","46187","46948","24.3388410110751"
"18208","46187","46949","24.3388410110751"
"18209","46601","46950","11.5365036264984"
"18210","46601","46951","11.5365036264984"
"18211","46588","46952","11.8489674820744"
"18212","45596","46953","41.9981186533996"
"18213","45460","46954","46.3510149960862"
"18214","44562","46955","75.7813597664176"
"18215","45587","46956","42.3140169657395"
"18216","45587","46957","42.3140169657395"
"18217","45587","46958","42.3140169657395"
"18218","46559","46959","13.1490255513636"
"18219","46569","46961","12.8097174152999"
"18220","46569","46962","12.8097174152999"
"18221","46569","46963","12.8097174152999"
"18222","46569","46964","12.8097174152999"
"18223","46569","46965","12.8097174152999"
"18224","46569","46966","12.8097174152999"
"18225","46563","46968","13.2748498538426"
"18226","46246","46972","23.6488654727368"
"18227","46246","46973","23.6488654727368"
"18228","46246","46974","23.6488654727368"
"18229","46246","46975","23.6488654727368"
"18230","45236","46976","54.143901314399"
"18231","45813","46977","36.2320917247189"
"18232","46252","46978","23.8167853384475"
"18233","45743","46981","38.5587625207718"
"18234","45743","46982","38.5587625207718"
"18235","45840","46983","35.4869590711473"
"18236","45840","46984","35.4869590711473"
"18237","46546","46986","14.4837571438816"
"18238","46546","46987","14.4837571438816"
"18239","46546","46988","14.4837571438816"
"18240","46683","46996","10.7559101587294"
"18241","46496","46998","16.3184728107808"
"18242","46496","46999","16.3184728107808"
"18243","46777","47000","7.01337936848131"
"18244","46322","47001","21.5839323742953"
"18245","46322","47002","21.5839323742953"
"18246","46641","47003","12.2599426946563"
"18247","46682","47007","11.0853062673086"
"18248","46682","47008","11.0853062673086"
"18249","46682","47009","11.0853062673086"
"18250","46361","47010","20.6044249873689"
"18251","46817","47011","5.99365038255655"
"18252","46603","47012","13.3952554624857"
"18253","46614","47013","13.1531635001284"
"18254","46614","47014","13.1531635001284"
"18255","46664","47015","12.1943901874956"
"18256","46664","47016","12.1943901874956"
"18257","46664","47017","12.1943901874956"
"18258","46664","47018","12.1943901874956"
"18259","46664","47019","12.1943901874956"
"18260","46664","47020","12.1943901874956"
"18261","46664","47021","12.1943901874956"
"18262","45404","47024","50.0627208912329"
"18263","45918","47025","33.9701240457039"
"18264","45918","47026","33.9701240457039"
"18265","46005","47027","31.5763873895085"
"18266","46005","47028","31.5763873895085"
"18267","46557","47029","15.1505019836177"
"18268","46557","47030","15.1505019836177"
"18269","46557","47031","15.1505019836177"
"18270","46557","47032","15.1505019836177"
"18271","44406","47033","82.8530783657561"
"18272","46792","47034","7.25213003916588"
"18273","46408","47035","19.865026499373"
"18274","46714","47039","10.2435948794068"
"18275","46592","47040","14.5495509623615"
"18276","46592","47041","14.5495509623615"
"18277","46278","47042","23.98629338094"
"18278","46278","47043","23.98629338094"
"18279","46278","47044","23.98629338094"
"18280","46278","47045","23.98629338094"
"18281","46278","47046","23.98629338094"
"18282","45831","47047","37.513285723232"
"18283","46818","47048","6.80276842759622"
"18284","46564","47050","15.6482618688242"
"18285","46315","47051","22.9209763000254"
"18286","46315","47052","22.9209763000254"
"18287","46481","47053","18.394636584092"
"18288","46672","47058","12.7873361736797"
"18289","46581","47059","15.2257421802142"
"18290","46018","47060","32.3734881595028"
"18291","44787","47061","70.0174040615393"
"18292","44594","47062","77.7375079919243"
"18293","46918","47063","4.34243959102469"
"18294","46918","47064","4.34243959102469"
"18295","46715","47065","10.9865992342579"
"18296","46715","47066","10.9865992342579"
"18297","46715","47067","10.9865992342579"
"18298","46409","47070","20.829101517716"
"18299","46673","47073","13.2515634277438"
"18300","46673","47074","13.2515634277438"
"18301","46109","47075","30.6140702096341"
"18302","46632","47076","14.4483068131944"
"18303","46632","47077","14.4483068131944"
"18304","46632","47078","14.4483068131944"
"18305","46878","47082","6.64111293409178"
"18306","46878","47083","6.64111293409178"
"18307","46878","47084","6.64111293409178"
"18308","46660","47085","14.1237159423222"
"18309","46660","47086","14.1237159423222"
"18310","45933","47087","35.1507821894706"
"18311","46249","47090","26.9650065076439"
"18312","46249","47091","26.9650065076439"
"18313","45626","47092","44.8398341181864"
"18314","46544","47095","17.7187445188079"
"18315","46544","47096","17.7187445188079"
"18316","42088","47097","168.399915513965"
"18317","42088","47098","168.399915513965"
"18318","45721","47099","42.6731642309996"
"18319","45721","47100","42.6731642309996"
"18320","46763","47104","10.8211122845546"
"18321","46920","47105","5.75356373403974"
"18322","46704","47115","13.1036208802143"
"18323","46853","47116","8.39818986546243"
"18324","44815","47124","71.7965116456071"
"18325","44815","47125","71.7965116456071"
"18326","46008","47129","34.838078162546"
"18327","46008","47130","34.838078162546"
"18328","46008","47131","34.838078162546"
"18329","46765","47132","11.6180464554741"
"18330","46765","47133","11.6180464554741"
"18331","46765","47134","11.6180464554741"
"18332","40778","47137","218.11442280015"
"18333","40778","47138","218.11442280015"
"18334","46436","47143","22.5488227544074"
"18335","46436","47144","22.5488227544074"
"18336","46182","47145","30.2974842475469"
"18337","46182","47146","30.2974842475469"
"18338","46182","47147","30.2974842475469"
"18339","46494","47148","20.6141235632317"
"18340","46760","47151","12.0732821229026"
"18341","46223","47152","29.4209389881289"
"18342","46223","47153","29.4209389881289"
"18343","46223","47154","29.4209389881289"
"18344","46503","47155","20.6808756089022"
"18345","46667","47156","16.0716201428436"
"18346","46621","47159","17.2003402721793"
"18347","46621","47160","17.2003402721793"
"18348","46966","47161","5.8000710900601"
"18349","46966","47162","5.8000710900601"
"18350","46255","47167","29.1475725397413"
"18351","46255","47168","29.1475725397413"
"18352","45233","47169","59.9216055211887"
"18353","46943","47171","6.90759398207047"
"18354","45826","47172","41.4255724532004"
"18355","46808","47173","11.0711881164984"
"18356","46896","47176","8.79844667921816"
"18357","46896","47177","8.79844667921816"
"18358","46896","47178","8.79844667921816"
"18359","46374","47179","25.0856228541902"
"18360","46374","47180","25.0856228541902"
"18361","46374","47181","25.0856228541902"
"18362","46103","47182","33.9938696214044"
"18363","46314","47183","26.9145002600126"
"18364","46314","47184","26.9145002600126"
"18365","45900","47186","39.4218241054591"
"18366","45061","47187","65.7633074011233"
"18367","46580","47191","19.4932681046944"
"18368","46388","47192","25.5107346697641"
"18369","46636","47195","18.1460382528521"
"18370","46636","47196","18.1460382528521"
"18371","46367","47197","25.9313113748508"
"18372","46367","47198","25.9313113748508"
"18373","44872","47205","71.8037048745268"
"18374","44872","47206","71.8037048745268"
"18375","44872","47207","71.8037048745268"
"18376","46928","47208","8.47876561857493"
"18377","46029","47209","36.6464597436811"
"18378","46029","47210","36.6464597436811"
"18379","40034","47216","248.59387337779"
"18380","46565","47221","20.933911270251"
"18381","46193","47222","32.5124726582244"
"18382","46193","47223","32.5124726582244"
"18383","46193","47224","32.5124726582244"
"18384","47001","47229","6.91324559103077"
"18385","47001","47230","6.91324559103077"
"18386","47001","47231","6.91324559103077"
"18387","47008","47234","6.8860393229138"
"18388","46811","47237","13.1263189490805"
"18389","46293","47238","29.5260773985674"
"18390","46946","47239","9.05751564387219"
"18391","45911","47240","40.8858664179861"
"18392","46975","47250","8.40158631366967"
"18393","46949","47251","9.21313841918573"
"18394","46586","47258","21.2413623728899"
"18395","46986","47259","8.1160720874359"
"18396","46986","47260","8.1160720874359"
"18397","46242","47261","32.5604639712265"
"18398","45426","47266","57.0741391897445"
"18399","46490","47275","24.6738384083556"
"18400","46098","47276","37.000602507901"
"18401","46098","47277","37.000602507901"
"18402","46098","47278","37.000602507901"
"18403","47173","47279","3.13828115625574"
"18404","47173","47280","3.13828115625574"
"18405","46713","47283","17.7033301745932"
"18406","46713","47284","17.7033301745932"
"18407","46713","47285","17.7033301745932"
"18408","46713","47286","17.7033301745932"
"18409","47041","47287","7.42764941067844"
"18410","47041","47288","7.42764941067844"
"18411","46919","47289","11.2034824340867"
"18412","46919","47290","11.2034824340867"
"18413","46919","47291","11.2034824340867"
"18414","46919","47292","11.2034824340867"
"18415","45526","47293","53.7096907736213"
"18416","45993","47294","40.0393565199101"
"18417","47137","47295","4.66527832381234"
"18418","46800","47297","15.0865106500805"
"18419","46451","47300","26.7138828559059"
"18420","46451","47301","26.7138828559059"
"18421","46451","47302","26.7138828559059"
"18422","46451","47303","26.7138828559059"
"18423","46349","47304","29.671791349338"
"18424","46349","47305","29.671791349338"
"18425","46349","47306","29.671791349338"
"18426","46349","47307","29.671791349338"
"18427","47198","47308","3.34903728881409"
"18428","46771","47309","16.7759972142612"
"18429","46973","47310","10.2713648224526"
"18430","46954","47311","10.9986825182127"
"18431","46360","47313","29.8767553850407"
"18432","46360","47314","29.8767553850407"
"18433","46360","47315","29.8767553850407"
"18434","46360","47316","29.8767553850407"
"18435","46360","47317","29.8767553850407"
"18436","46452","47319","27.2389692955321"
"18437","46164","47320","36.1217653606805"
"18438","46996","47322","9.93887852472562"
"18439","46629","47326","22.4929253707883"
"18440","46629","47327","22.4929253707883"
"18441","46916","47329","12.8421277166444"
"18442","46916","47330","12.8421277166444"
"18443","46916","47331","12.8421277166444"
"18444","46916","47332","12.8421277166444"
"18445","46916","47333","12.8421277166444"
"18446","46758","47335","18.0247518706333"
"18447","47083","47339","8.0769891548548"
"18448","46883","47350","14.7932821236086"
"18449","46036","47351","41.0271453273199"
"18450","46036","47352","41.0271453273199"
"18451","46036","47353","41.0271453273199"
"18452","46036","47354","41.0271453273199"
"18453","44898","47356","75.4945425704582"
"18454","47210","47357","4.68926963749664"
"18455","46434","47358","29.3207688720108"
"18456","45502","47361","57.2542077180533"
"18457","46630","47362","23.5850096319482"
"18458","46630","47363","23.5850096319482"
"18459","46630","47364","23.5850096319482"
"18460","44636","47365","85.6158929637418"
"18461","44636","47366","85.6158929637418"
"18462","44636","47367","85.6158929637418"
"18463","44636","47368","85.6158929637418"
"18464","46339","47369","32.1917931253151"
"18465","46339","47370","32.1917931253151"
"18466","46339","47371","32.1917931253151"
"18467","46339","47372","32.1917931253151"
"18468","44706","47373","83.030343501795"
"18469","44706","47374","83.030343501795"
"18470","46123","47381","39.9267482127998"
"18471","46659","47382","23.5354013667006"
"18472","46659","47383","23.5354013667006"
"18473","46659","47384","23.5354013667006"
"18474","46659","47385","23.5354013667006"
"18475","46505","47386","28.0251403589477"
"18476","46662","47387","23.6118735317523"
"18477","47031","47389","11.3416963727232"
"18478","47221","47395","5.27606927448187"
"18479","46895","47397","15.8400837426816"
"18480","46909","47401","15.4339952015112"
"18481","46909","47402","15.4339952015112"
"18482","46961","47403","13.5484836465303"
"18483","46795","47404","18.837493625856"
"18484","46795","47405","18.837493625856"
"18485","46844","47406","17.497923917465"
"18486","46844","47407","17.497923917465"
"18487","46844","47408","17.497923917465"
"18488","46844","47409","17.497923917465"
"18489","46844","47410","17.497923917465"
"18490","47313","47411","3.08910152452017"
"18491","47313","47412","3.08910152452017"
"18492","47313","47413","3.08910152452017"
"18493","47058","47416","11.5022399242134"
"18494","46796","47419","19.4336017291853"
"18495","46972","47420","13.9438932116295"
"18496","46972","47421","13.9438932116295"
"18497","46972","47422","13.9438932116295"
"18498","46017","47431","44.195307296472"
"18499","46017","47432","44.195307296472"
"18500","46728","47433","22.153276303588"
"18501","45452","47434","61.623975974479"
"18502","47176","47435","8.51616075302218"
"18503","46332","47437","34.9322112835607"
"18504","47195","47441","8.08499581004116"
"18505","47195","47442","8.08499581004116"
"18506","47195","47443","8.08499581004116"
"18507","47195","47444","8.08499581004116"
"18508","46371","47445","33.9804742578194"
"18509","46371","47446","33.9804742578194"
"18510","47016","47451","13.6965141495243"
"18511","47016","47452","13.6965141495243"
"18512","47016","47453","13.6965141495243"
"18513","47016","47454","13.6965141495243"
"18514","47016","47455","13.6965141495243"
"18515","46611","47459","27.1602910785232"
"18516","46968","47460","15.3474279569627"
"18517","47169","47461","9.51737035883571"
"18518","46984","47462","14.838626188644"
"18519","46984","47463","14.838626188644"
"18520","45654","47465","56.1926917436454"
"18521","45654","47466","56.1926917436454"
"18522","45982","47470","46.360699287769"
"18523","47240","47471","7.31194665921475"
"18524","47240","47472","7.31194665921475"
"18525","47240","47473","7.31194665921475"
"18526","46748","47474","22.9147608736976"
"18527","46748","47475","22.9147608736976"
"18528","46533","47476","30.2606475860644"
"18529","47096","47477","11.9643286557252"
"18530","47096","47478","11.9643286557252"
"18531","46298","47479","36.9223980000729"
"18532","46420","47480","33.7643663888784"
"18533","44885","47481","80.8026145585177"
"18534","44885","47482","80.8026145585177"
"18535","46334","47483","36.3661827917963"
"18536","46334","47484","36.3661827917963"
"18537","46716","47490","24.5612445012812"
"18538","46716","47491","24.5612445012812"
"18539","46323","47499","36.9173036067418"
"18540","46999","47504","15.8537494909156"
"18541","46446","47509","34.0483241131619"
"18542","47035","47510","15.3352059185049"
"18543","47035","47511","15.3352059185049"
"18544","45774","47512","54.0353151735362"
"18545","45774","47513","54.0353151735362"
"18546","45774","47514","54.0353151735362"
"18547","45774","47515","54.0353151735362"
"18548","46891","47516","20.0090948820343"
"18549","47229","47517","9.3546852253171"
"18550","47322","47518","6.57531422676129"
"18551","47322","47519","6.57531422676129"
"18552","47099","47525","13.6003284194176"
"18553","47099","47526","13.6003284194176"
"18554","47099","47527","13.6003284194176"
"18555","47026","47528","16.123531214203"
"18556","46519","47529","32.7226810618959"
"18557","46519","47530","32.7226810618959"
"18558","45009","47531","78.7248659583806"
"18559","45009","47532","78.7248659583806"
"18560","46774","47536","24.0652562693458"
"18561","46774","47537","24.0652562693458"
"18562","46259","47538","41.1501979245372"
"18563","47077","47552","15.063683669136"
"18564","47077","47553","15.063683669136"
"18565","47115","47554","13.820964458826"
"18566","45868","47555","52.3965154936955"
"18567","44265","47556","105.44593490414"
"18568","46722","47558","26.4205677470213"
"18569","46326","47559","38.7456473204879"
"18570","47047","47561","16.4491405394897"
"18571","47047","47562","16.4491405394897"
"18572","47047","47563","16.4491405394897"
"18573","47047","47564","16.4491405394897"
"18574","47047","47565","16.4491405394897"
"18575","47050","47567","16.7324352563514"
"18576","47050","47568","16.7324352563514"
"18577","46550","47569","32.8754842990375"
"18578","46550","47570","32.8754842990375"
"18579","46550","47572","32.8754842990375"
"18580","46550","47573","32.8754842990375"
"18581","46550","47574","32.8754842990375"
"18582","46550","47575","32.8754842990375"
"18583","47082","47577","15.8403664636598"
"18584","47316","47578","8.6014848717432"
"18585","46385","47579","37.90664497836"
"18586","46385","47580","37.90664497836"
"18587","46385","47581","37.90664497836"
"18588","47209","47582","12.0663205939873"
"18589","47209","47583","12.0663205939873"
"18590","47209","47584","12.0663205939873"
"18591","47180","47586","13.3602870629729"
"18592","47180","47587","13.3602870629729"
"18593","47353","47588","7.7795635526204"
"18594","47353","47589","7.7795635526204"
"18595","46181","47591","44.8635383191731"
"18596","46181","47592","44.8635383191731"
"18597","47151","47593","14.5185918153707"
"18598","44557","47596","96.3619205166815"
"18599","45677","47598","60.0601348185128"
"18600","47183","47599","13.9700625365222"
"18601","46908","47600","22.6495464028089"
"18602","46908","47601","22.6495464028089"
"18603","47259","47602","11.6535895322322"
"18604","47259","47603","11.6535895322322"
"18605","47291","47607","10.9991914920561"
"18606","47067","47608","17.8625137490712"
"18607","45660","47609","61.0673258962174"
"18608","45660","47610","61.0673258962174"
"18609","46397","47613","39.0469259529318"
"18610","46397","47614","39.0469259529318"
"18611","47433","47616","6.46328798507102"
"18612","46609","47618","32.9260577455498"
"18613","46609","47619","32.9260577455498"
"18614","46609","47620","32.9260577455498"
"18615","46609","47621","32.9260577455498"
"18616","46553","47622","34.7110726868982"
"18617","47014","47623","19.709560380938"
"18618","47014","47624","19.709560380938"
"18619","47014","47625","19.709560380938"
"18620","47014","47626","19.709560380938"
"18621","46962","47628","21.4077927427925"
"18622","46962","47629","21.4077927427925"
"18623","46962","47630","21.4077927427925"
"18624","47307","47631","11.1888682767321"
"18625","47275","47639","12.4580334894076"
"18626","47514","47640","4.39191428931599"
"18627","47561","47641","2.95481899252445"
"18628","47145","47642","16.5268130674904"
"18629","47145","47643","16.5268130674904"
"18630","47191","47649","15.2143535990754"
"18631","47191","47650","15.2143535990754"
"18632","46987","47651","21.5033505898168"
"18633","46987","47652","21.5033505898168"
"18634","46556","47653","35.6946554533051"
"18635","47434","47654","7.82300813314305"
"18636","47434","47655","7.82300813314305"
"18637","47286","47656","13.0831849790361"
"18638","47286","47657","13.0831849790361"
"18639","47286","47658","13.0831849790361"
"18640","47537","47660","4.8035982667061"
"18641","47537","47661","4.8035982667061"
"18642","47537","47662","4.8035982667061"
"18643","47309","47666","12.642418620926"
"18644","47124","47667","18.2805587920247"
"18645","46822","47668","27.4673726335209"
"18646","46822","47669","27.4673726335209"
"18647","47021","47672","21.6009263562073"
"18648","47021","47673","21.6009263562073"
"18649","47181","47674","17.0068559958931"
"18650","47181","47675","17.0068559958931"
"18651","46976","47678","23.0465674547322"
"18652","46976","47679","23.0465674547322"
"18653","46976","47680","23.0465674547322"
"18654","46976","47681","23.0465674547322"
"18655","46976","47682","23.0465674547322"
"18656","45592","47683","65.9113350741968"
"18657","47565","47684","4.79260733379078"
"18658","46478","47685","39.6208298705378"
"18659","47374","47686","11.1848929918224"
"18660","46449","47687","40.3020890306079"
"18661","47462","47688","8.28531097286941"
"18662","47462","47689","8.28531097286941"
"18663","47362","47690","11.4956749501002"
"18664","47295","47691","14.0671685551647"
"18665","47406","47698","10.8868955064872"
"18666","47406","47699","10.8868955064872"
"18667","47406","47700","10.8868955064872"
"18668","47132","47701","19.4504658878618"
"18669","47132","47702","19.4504658878618"
"18670","46370","47705","43.5706284598341"
"18671","46370","47706","43.5706284598341"
"18672","46370","47707","43.5706284598341"
"18673","47260","47709","15.9283845075747"
"18674","47260","47710","15.9283845075747"
"18675","47260","47711","15.9283845075747"
"18676","47260","47712","15.9283845075747"
"18677","47260","47713","15.9283845075747"
"18678","47260","47714","15.9283845075747"
"18679","47260","47715","15.9283845075747"
"18680","47260","47716","15.9283845075747"
"18681","46812","47717","29.6775244131595"
"18682","46812","47718","29.6775244131595"
"18683","46981","47722","24.343388321171"
"18684","47330","47726","13.7117686946467"
"18685","47370","47727","12.6745948189769"
"18686","46593","47728","37.2588707889336"
"18687","46593","47729","37.2588707889336"
"18688","47397","47730","11.8588604911661"
"18689","47451","47731","9.76190156489065"
"18690","47305","47735","14.8578129187085"
"18691","46718","47736","33.360501193712"
"18692","46718","47737","33.360501193712"
"18693","46049","47738","53.8480554644789"
"18694","46049","47739","53.8480554644789"
"18695","46049","47740","53.8480554644789"
"18696","46049","47741","53.8480554644789"
"18697","46049","47742","53.8480554644789"
"18698","46049","47743","53.8480554644789"
"18699","46205","47745","49.7628080294303"
"18700","46778","47746","31.2239757881216"
"18701","47076","47748","22.3725820626996"
"18702","47076","47749","22.3725820626996"
"18703","47580","47750","6.23869587570152"
"18704","47266","47758","16.9135800250806"
"18705","47266","47759","16.9135800250806"
"18706","47266","47760","16.9135800250806"
"18707","47588","47761","6.31361876656683"
"18708","47446","47762","10.9540553283655"
"18709","46950","47763","26.6328540813993"
"18710","46950","47764","26.6328540813993"
"18711","47350","47765","14.3907954335473"
"18712","47435","47767","11.5504939541856"
"18713","47472","47770","10.7478346308753"
"18714","45566","47774","69.8065202161183"
"18715","47154","47775","21.2732087483073"
"18716","47154","47776","21.2732087483073"
"18717","46015","47779","56.5176053222544"
"18718","46015","47780","56.5176053222544"
"18719","46015","47781","56.5176053222544"
"18720","44185","47794","116.714253094198"
"18721","44185","47795","116.714253094198"
"18722","47512","47796","10.0211165054652"
"18723","47512","47797","10.0211165054652"
"18724","47017","47798","25.9313275006502"
"18725","47017","47799","25.9313275006502"
"18726","46848","47800","31.5002670732429"
"18727","42282","47809","184.137603508853"
"18728","42282","47810","184.137603508853"
"18729","46196","47811","52.3443944470623"
"18730","46196","47812","52.3443944470623"
"18731","47197","47813","20.7349921392261"
"18732","47197","47814","20.7349921392261"
"18733","46965","47815","27.8359731784562"
"18734","46965","47816","27.8359731784562"
"18735","47279","47817","18.5730595779232"
"18736","47416","47819","13.998412049159"
"18737","47416","47820","13.998412049159"
"18738","47577","47825","9.16398136860334"
"18739","47577","47826","9.16398136860334"
"18740","46587","47829","41.2211599857228"
"18741","46587","47830","41.2211599857228"
"18742","44965","47831","90.6124420796123"
"18743","47610","47834","8.40615015811181"
"18744","46457","47835","45.6584547164048"
"18745","47553","47836","10.9805408775355"
"18746","47553","47837","10.9805408775355"
"18747","47327","47838","18.2151124330585"
"18748","46625","47839","40.8185711326105"
"18749","47578","47840","10.3605382806877"
"18750","47578","47841","10.3605382806877"
"18751","47578","47842","10.3605382806877"
"18752","47578","47843","10.3605382806877"
"18753","47385","47846","16.8055163764107"
"18754","47385","47847","16.8055163764107"
"18755","47385","47848","16.8055163764107"
"18756","47385","47849","16.8055163764107"
"18757","47223","47850","21.8309882133658"
"18758","47250","47852","21.0497285842039"
"18759","47250","47853","21.0497285842039"
"18760","47556","47857","11.50893281142"
"18761","47556","47858","11.50893281142"
"18762","47556","47859","11.50893281142"
"18763","47556","47860","11.50893281142"
"18764","47556","47861","11.50893281142"
"18765","44699","47862","100.794606497557"
"18766","47584","47868","10.5993760492033"
"18767","47584","47869","10.5993760492033"
"18768","46998","47871","29.3014773072687"
"18769","47297","47872","20.5202214393767"
"18770","47333","47873","19.1186145462711"
"18771","47333","47874","19.1186145462711"
"18772","47441","47877","15.6214804642177"
"18773","47168","47879","24.7925519215473"
"18774","47025","47887","29.3471930848777"
"18775","47025","47888","29.3471930848777"
"18776","47025","47889","29.3471930848777"
"18777","47351","47891","19.1380756205554"
"18778","47455","47894","16.1633425330065"
"18779","47624","47895","10.2864042415613"
"18780","46257","47896","54.7845526762112"
"18781","46257","47897","54.7845526762112"
"18782","47661","47898","8.85981641067247"
"18783","47661","47900","8.85981641067247"
"18784","47748","47904","6.26321462804071"
"18785","47461","47907","16.4811766295034"
"18786","47461","47908","16.4811766295034"
"18787","47410","47909","18.4640314498902"
"18788","47529","47910","14.1996108583912"
"18789","47529","47911","14.1996108583912"
"18790","47354","47916","20.335102530732"
"18791","47354","47917","20.335102530732"
"18792","45867","47919","66.3592340871783"
"18793","47762","47922","6.26585377772244"
"18794","46654","47923","43.0972375347569"
"18795","47674","47925","9.17327026779412"
"18796","47674","47926","9.17327026779412"
"18797","46595","47927","44.755907094529"
"18798","46595","47928","44.755907094529"
"18799","42786","47929","170.449223249469"
"18800","42786","47931","170.449223249469"
"18801","47361","47932","20.3253183242209"
"18802","47737","47933","7.35632443490931"
"18803","46865","47935","36.369978007403"
"18804","46865","47936","36.369978007403"
"18805","47402","47941","19.5232168002281"
"18806","47836","47946","3.79821026199579"
"18807","47836","47947","3.79821026199579"
"18808","47681","47948","9.67287506128241"
"18809","47681","47949","9.67287506128241"
"18810","47681","47950","9.67287506128241"
"18811","46622","47952","44.5705617159392"
"18812","46959","47955","33.5386583380773"
"18813","46959","47956","33.5386583380773"
"18814","46248","47963","56.9587484736571"
"18815","47741","47964","8.38186832202291"
"18816","47625","47973","12.4908888262221"
"18817","47625","47974","12.4908888262221"
"18818","47660","47976","11.0870459467028"
"18819","47582","47978","14.4651430280346"
"18820","47582","47979","14.4651430280346"
"18821","47222","47988","26.362310743988"
"18822","46573","47992","47.1534858676487"
"18823","46573","47993","47.1534858676487"
"18824","47042","47996","32.1837029783469"
"18825","47332","47997","23.259699611513"
"18826","47332","47998","23.259699611513"
"18827","47332","47999","23.259699611513"
"18828","47846","48001","4.86738629308775"
"18829","47653","48003","12.5461065587265"
"18830","46880","48004","38.1098643141363"
"18831","47616","48005","13.9937079201645"
"18832","47616","48006","13.9937079201645"
"18833","46840","48007","39.0402247006518"
"18834","46840","48008","39.0402247006518"
"18835","46840","48009","39.0402247006518"
"18836","47862","48012","5.17909816872998"
"18837","47471","48013","19.3158648567137"
"18838","47932","48014","2.59370723083703"
"18839","47238","48015","26.8593426447446"
"18840","47238","48016","26.8593426447446"
"18841","46033","48018","64.4439809962259"
"18842","47718","48022","10.5221250213749"
"18843","46320","48023","55.9411585130724"
"18844","45805","48024","71.7729565356185"
"18845","45805","48025","71.7729565356185"
"18846","46200","48027","60.2963312409192"
"18847","46200","48028","60.2963312409192"
"18848","47413","48030","22.0277327367253"
"18849","47629","48034","14.5297711953331"
"18850","47629","48035","14.5297711953331"
"18851","47308","48037","25.5621579596323"
"18852","47830","48040","7.22660786654978"
"18853","47830","48041","7.22660786654978"
"18854","47422","48042","21.9384210873095"
"18855","47422","48043","21.9384210873095"
"18856","47422","48044","21.9384210873095"
"18857","47000","48046","35.2494551518312"
"18858","47000","48047","35.2494551518312"
"18859","47000","48048","35.2494551518312"
"18860","47000","48049","35.2494551518312"
"18861","47000","48050","35.2494551518312"
"18862","47000","48051","35.2494551518312"
"18863","47000","48052","35.2494551518312"
"18864","47898","48053","4.80198246025066"
"18865","47898","48054","4.80198246025066"
"18866","47898","48055","4.80198246025066"
"18867","47143","48057","31.4765017899117"
"18868","47143","48058","31.4765017899117"
"18869","47706","48068","12.3146352277427"
"18870","45368","48069","86.2198597333877"
"18871","47444","48071","22.1014800971398"
"18872","47731","48073","12.1994604108345"
"18873","47717","48074","12.4205182386122"
"18874","47717","48075","12.4205182386122"
"18875","47717","48076","12.4205182386122"
"18876","46432","48078","54.5943611753769"
"18877","47946","48079","4.39547115421647"
"18878","47946","48080","4.39547115421647"
"18879","47454","48084","22.1339316150052"
"18880","47454","48085","22.1339316150052"
"18881","47705","48086","12.7547970426967"
"18882","47705","48087","12.7547970426967"
"18883","47705","48088","12.7547970426967"
"18884","47358","48090","25.5327621681495"
"18885","47491","48094","21.5399894126363"
"18886","47900","48095","6.3023087189631"
"18887","45173","48096","93.4916466154164"
"18888","47759","48098","12.2065943797347"
"18889","48004","48111","4.06602577807189"
"18890","48013","48115","4.24049608334553"
"18891","45157","48116","95.4363105350399"
"18892","45157","48117","95.4363105350399"
"18893","45157","48118","95.4363105350399"
"18894","45157","48119","95.4363105350399"
"18895","47407","48120","25.9217211038304"
"18896","47407","48121","25.9217211038304"
"18897","47407","48122","25.9217211038304"
"18898","47381","48124","26.7915900337252"
"18899","47859","48125","9.81080867304945"
"18900","47859","48126","9.81080867304945"
"18901","47947","48130","6.8746884099487"
"18902","47356","48133","28.0176885560891"
"18903","47317","48139","29.6533081644125"
"18904","47872","48140","9.94795569704229"
"18905","47459","48141","24.9570451924164"
"18906","47925","48142","7.95835198315035"
"18907","47843","48146","10.9218294444827"
"18908","47843","48148","10.9218294444827"
"18909","47922","48149","8.26115564093334"
"18910","47922","48150","8.26115564093334"
"18911","47922","48151","8.26115564093334"
"18912","46805","48153","45.7805039722298"
"18913","47910","48154","8.60892202274817"
"18914","47910","48155","8.60892202274817"
"18915","47910","48156","8.60892202274817"
"18916","47437","48157","25.9052474013447"
"18917","47437","48158","25.9052474013447"
"18918","47437","48159","25.9052474013447"
"18919","47437","48161","25.9052474013447"
"18920","46807","48163","45.7717192410469"
"18921","46424","48164","58.4768388068755"
"18922","47419","48165","26.7885534769789"
"18923","47602","48166","20.5005284778804"
"18924","47614","48167","20.1493699336852"
"18925","47085","48168","37.5595158287801"
"18926","47146","48169","35.8028102391499"
"18927","47146","48170","35.8028102391499"
"18928","47917","48171","8.9717789343631"
"18929","46231","48174","65.1988126165816"
"18930","46231","48175","65.1988126165816"
"18931","47842","48176","11.7522243686999"
"18932","47842","48177","11.7522243686999"
"18933","47842","48178","11.7522243686999"
"18934","46440","48179","58.5545515606505"
"18935","46440","48180","58.5545515606505"
"18936","46867","48182","45.1444198852914"
"18937","47386","48183","28.5764055079271"
"18938","47669","48186","18.4581081084125"
"18939","47729","48189","16.7487811722131"
"18940","47729","48190","16.7487811722131"
"18941","47729","48191","16.7487811722131"
"18942","47294","48192","31.9535284174526"
"18943","47294","48193","31.9535284174526"
"18944","46694","48194","51.3234112489231"
"18945","47599","48195","21.4277322127127"
"18946","46661","48197","52.4708429149005"
"18947","46661","48198","52.4708429149005"
"18948","47896","48199","10.4176203013981"
"18949","47589","48202","22.4383008784994"
"18950","47680","48204","18.9327536753385"
"18951","48007","48205","7.32953524615186"
"18952","47630","48206","21.0925433149705"
"18953","47630","48207","21.0925433149705"
"18954","47949","48211","9.62685621590435"
"18955","47949","48213","9.62685621590435"
"18956","47837","48214","13.5861552758042"
"18957","47837","48215","13.5861552758042"
"18958","47819","48216","14.7806100936828"
"18959","46035","48217","72.0817466461167"
"18960","46035","48218","72.0817466461167"
"18961","46809","48220","47.8697131356562"
"18962","46809","48221","47.8697131356562"
"18963","46809","48222","47.8697131356562"
"18964","46809","48224","47.8697131356562"
"18965","46809","48225","47.8697131356562"
"18966","46687","48227","52.8100080253053"
"18967","47569","48229","23.9397366542266"
"18968","47569","48230","23.9397366542266"
"18969","47798","48231","15.6123393148096"
"18970","47161","48232","37.5169374982934"
"18971","47161","48233","37.5169374982934"
"18972","47642","48234","21.589509294392"
"18973","45945","48235","74.8870257642516"
"18974","47712","48236","18.8345536451079"
"18975","47712","48237","18.8345536451079"
"18976","47712","48238","18.8345536451079"
"18977","47395","48244","30.7828168996798"
"18978","47395","48245","30.7828168996798"
"18979","47476","48248","28.0987992489545"
"18980","46721","48249","52.0498012220319"
"18981","47916","48251","11.9647121315998"
"18982","47639","48252","22.5552476459557"
"18983","47639","48253","22.5552476459557"
"18984","47701","48254","19.7827148982929"
"18985","47908","48257","12.70287245911"
"18986","47908","48258","12.70287245911"
"18987","47685","48259","21.1676596515299"
"18988","47685","48260","21.1676596515299"
"18989","47685","48261","21.1676596515299"
"18990","47172","48262","38.7962717787927"
"18991","47172","48263","38.7962717787927"
"18992","47919","48271","12.7853350140826"
"18993","47261","48272","36.2013025149486"
"18994","47261","48273","36.2013025149486"
"18995","47261","48274","36.2013025149486"
"18996","47261","48275","36.2013025149486"
"18997","47261","48276","36.2013025149486"
"18998","46333","48277","65.160354065692"
"18999","47075","48279","42.2021556366344"
"19000","47075","48280","42.2021556366344"
"19001","47707","48281","20.9131198454766"
"19002","47810","48285","18.02982967756"
"19003","47810","48287","18.02982967756"
"19004","48117","48288","6.37401500071792"
"19005","45188","48290","101.160955578261"
"19006","48001","48291","11.4509707526008"
"19007","48001","48292","11.4509707526008"
"19008","48001","48293","11.4509707526008"
"19009","48205","48297","3.74771416819613"
"19010","47510","48304","29.0330384068739"
"19011","47510","48305","29.0330384068739"
"19012","47510","48306","29.0330384068739"
"19013","47510","48307","29.0330384068739"
"19014","47510","48308","29.0330384068739"
"19015","48086","48309","8.85137617136843"
"19016","48142","48311","6.15454578757272"
"19017","47134","48313","41.613391605948"
"19018","47691","48314","22.8322314434745"
"19019","47691","48315","22.8322314434745"
"19020","46912","48318","48.8100943685258"
"19021","46912","48320","48.8100943685258"
"19022","46912","48321","48.8100943685258"
"19023","46912","48322","48.8100943685258"
"19024","48195","48323","4.90527112428026"
"19025","48195","48324","4.90527112428026"
"19026","47852","48326","17.025259125664"
"19027","47852","48327","17.025259125664"
"19028","47852","48328","17.025259125664"
"19029","47852","48329","17.025259125664"
"19030","47477","48330","30.9479509852044"
"19031","47509","48331","29.7045482779204"
"19032","47509","48332","29.7045482779204"
"19033","47251","48334","38.2234382040924"
"19034","47251","48335","38.2234382040924"
"19035","47319","48336","36.3460269857119"
"19036","48262","48338","2.21728341976632"
"19037","47672","48340","23.9633599918725"
"19038","47672","48341","23.9633599918725"
"19039","44354","48343","130.363497653947"
"19040","44354","48344","130.363497653947"
"19041","44354","48345","130.363497653947"
"19042","47596","48347","27.4983899219274"
"19043","47596","48348","27.4983899219274"
"19044","46791","48350","53.1007776120114"
"19045","47412","48351","33.9074362294773"
"19046","48016","48353","12.5828197669371"
"19047","48016","48354","12.5828197669371"
"19048","48016","48355","12.5828197669371"
"19049","48016","48356","12.5828197669371"
"19050","47811","48357","20.0807873329027"
"19051","47811","48359","20.0807873329027"
"19052","48186","48360","6.18335731131901"
"19053","48186","48361","6.18335731131901"
"19054","48186","48362","6.18335731131901"
"19055","47841","48366","18.2622430984275"
"19056","47841","48367","18.2622430984275"
"19057","47841","48368","18.2622430984275"
"19058","47936","48369","15.3854142238115"
"19059","47936","48370","15.3854142238115"
"19060","48057","48373","11.5307176457495"
"19061","47714","48374","23.5870090232606"
"19062","46820","48375","52.7358086798463"
"19063","47931","48382","16.434320435364"
"19064","46837","48387","53.2695092965014"
"19065","46826","48390","53.6031410430451"
"19066","46826","48391","53.6031410430451"
"19067","47907","48393","17.4775422067519"
"19068","47907","48394","17.4775422067519"
"19069","47907","48395","17.4775422067519"
"19070","47907","48396","17.4775422067519"
"19071","47907","48397","17.4775422067519"
"19072","47907","48398","17.4775422067519"
"19073","48174","48402","8.22704158812166"
"19074","48174","48403","8.22704158812166"
"19075","47690","48404","25.8007629103718"
"19076","47409","48407","36.015014443225"
"19077","48049","48412","13.5481554921821"
"19078","48049","48413","13.5481554921821"
"19079","47650","48417","27.7699125096083"
"19080","47650","48418","27.7699125096083"
"19081","46780","48425","55.957411519677"
"19082","47895","48427","18.5133666391762"
"19083","47895","48428","18.5133666391762"
"19084","47895","48429","18.5133666391762"
"19085","47552","48430","31.901606917354"
"19086","47519","48438","32.8182112385985"
"19087","47750","48440","24.7742366338239"
"19088","44430","48441","130.884676686445"
"19089","44430","48442","130.884676686445"
"19090","44430","48443","130.884676686445"
"19091","47763","48444","24.3476241751355"
"19092","47763","48445","24.3476241751355"
"19093","47763","48447","24.3476241751355"
"19094","46866","48452","54.4966894314698"
"19095","46866","48453","54.4966894314698"
"19096","48068","48454","13.8366158837084"
"19097","48068","48455","13.8366158837084"
"19098","48096","48456","12.8902533348391"
"19099","46977","48459","50.6294542145301"
"19100","46977","48460","50.6294542145301"
"19101","48306","48461","4.74569282964876"
"19102","48306","48462","4.74569282964876"
"19103","48306","48463","4.74569282964876"
"19104","48306","48464","4.74569282964876"
"19105","48306","48465","4.74569282964876"
"19106","48306","48466","4.74569282964876"
"19107","48306","48467","4.74569282964876"
"19108","47796","48468","23.7307029028957"
"19109","45954","48471","82.4186755997544"
"19110","45954","48472","82.4186755997544"
"19111","46921","48473","52.835666918947"
"19112","46921","48474","52.835666918947"
"19113","46921","48475","52.835666918947"
"19114","46921","48476","52.835666918947"
"19115","48375","48483","3.10884510937012"
"19116","48375","48484","3.10884510937012"
"19117","48375","48485","3.10884510937012"
"19118","48375","48486","3.10884510937012"
"19119","48375","48487","3.10884510937012"
"19120","48375","48489","3.10884510937012"
"19121","46594","48490","63.8809123708415"
"19122","45640","48491","92.4898813724358"
"19123","47973","48495","18.0701055369323"
"19124","48356","48497","4.13887758315786"
"19125","48356","48498","4.13887758315786"
"19126","48356","48499","4.13887758315786"
"19127","47923","48502","19.6500298123578"
"19128","48387","48504","2.93750459346847"
"19129","48159","48506","11.5769909419091"
"19130","46195","48507","76.9531844098283"
"19131","46195","48508","76.9531844098283"
"19132","47626","48509","31.2079093930388"
"19133","48085","48513","15.2839231767471"
"19134","48119","48514","13.5244824729211"
"19135","48125","48515","13.3349220489963"
"19136","48214","48517","10.366787078819"
"19137","48214","48518","10.366787078819"
"19138","48151","48522","12.6833639150677"
"19139","47382","48526","40.612603431066"
"19140","48175","48531","12.5097051595703"
"19141","48217","48532","10.9074434579115"
"19142","48217","48533","10.9074434579115"
"19143","47848","48534","24.218337848567"
"19144","47848","48535","24.218337848567"
"19145","48290","48537","8.07349611300015"
"19146","48290","48538","8.07349611300015"
"19147","48290","48539","8.07349611300015"
"19148","48290","48540","8.07349611300015"
"19149","47891","48541","22.9540051892586"
"19150","48183","48542","12.4802221004998"
"19151","47641","48545","32.28669767461"
"19152","48198","48547","12.229335677272"
"19153","47780","48550","27.3491508679799"
"19154","47679","48551","30.7987666163267"
"19155","47679","48552","30.7987666163267"
"19156","47996","48553","19.8496068448453"
"19157","47996","48554","19.8496068448453"
"19158","48192","48557","12.5902566921886"
"19159","48412","48561","4.61026908933809"
"19160","48231","48563","11.3729739659316"
"19161","48231","48564","11.3729739659316"
"19162","47736","48569","29.4058701418326"
"19163","47736","48570","29.4058701418326"
"19164","47070","48578","51.9202888617742"
"19165","47070","48579","51.9202888617742"
"19166","48245","48581","10.9775683406278"
"19167","48245","48582","10.9775683406278"
"19168","48393","48583","5.54573073972006"
"19169","48393","48584","5.54573073972006"
"19170","47794","48585","27.6656318300734"
"19171","47742","48586","29.745030720494"
"19172","48332","48588","8.13218188341443"
"19173","48224","48592","12.1855120935006"
"19174","47558","48593","36.7379538303553"
"19175","47601","48594","34.7654310633811"
"19176","48216","48601","12.658217128575"
"19177","48260","48602","10.7266902643669"
"19178","47735","48603","30.5017287495043"
"19179","45922","48608","87.7503870404516"
"19180","47504","48610","38.8864641133396"
"19181","47504","48611","38.8864641133396"
"19182","48514","48612","2.95367464482797"
"19183","48514","48613","2.95367464482797"
"19184","48514","48614","2.95367464482797"
"19185","48360","48616","8.13519466123626"
"19186","48360","48617","8.13519466123626"
"19187","48166","48618","15.0204593860744"
"19188","48167","48622","15.2845059132605"
"19189","48167","48623","15.2845059132605"
"19190","48222","48628","13.4059927163335"
"19191","48222","48629","13.4059927163335"
"19192","48225","48630","13.5753887357073"
"19193","47998","48637","22.5233961136059"
"19194","47888","48638","26.1461741426865"
"19195","48133","48641","17.274719284851"
"19196","45628","48643","98.4592193496123"
"19197","47964","48653","23.8744086513138"
"19198","47964","48654","23.8744086513138"
"19199","47964","48655","23.8744086513138"
"19200","48504","48659","5.54651385721627"
"19201","47138","48660","52.5776703679044"
"19202","47138","48661","52.5776703679044"
"19203","48326","48667","11.3926077107762"
"19204","47820","48680","30.7481141031662"
"19205","47603","48685","38.5380394275467"
"19206","47603","48686","38.5380394275467"
"19207","48442","48695","8.94587519411198"
"19208","48163","48697","18.7789225922961"
"19209","48163","48698","18.7789225922961"
"19210","48163","48699","18.7789225922961"
"19211","48046","48707","23.522184201734"
"19212","47974","48708","26.1006677804244"
"19213","48182","48713","18.4817319631316"
"19214","48430","48720","9.86279869438658"
"19215","48430","48722","9.86279869438658"
"19216","48373","48726","11.822319569716"
"19217","48164","48734","19.3455439964282"
"19218","48164","48735","19.3455439964282"
"19219","48404","48739","10.8529168427112"
"19220","48404","48740","10.8529168427112"
"19221","48404","48741","10.8529168427112"
"19222","47861","48743","30.6005546983365"
"19223","47861","48744","30.6005546983365"
"19224","46313","48745","80.9888087498157"
"19225","48350","48752","13.1521446370211"
"19226","48350","48753","13.1521446370211"
"19227","48350","48754","13.1521446370211"
"19228","48369","48759","12.8431718271172"
"19229","48369","48760","12.8431718271172"
"19230","48582","48763","6.05597613485861"
"19231","48244","48775","17.6577227157541"
"19232","47301","48778","51.7039607914307"
"19233","48291","48783","16.1466611015908"
"19234","48291","48784","16.1466611015908"
"19235","48460","48785","11.3636039169505"
"19236","47002","48789","61.329545250022"
"19237","48154","48793","22.0401708319505"
"19238","48154","48794","22.0401708319505"
"19239","48154","48795","22.0401708319505"
"19240","48154","48796","22.0401708319505"
"19241","48154","48798","22.0401708319505"
"19242","48550","48812","9.3243514779474"
"19243","48653","48817","6.2034130027987"
"19244","48653","48818","6.2034130027987"
"19245","48447","48820","13.2700507285113"
"19246","47678","48821","40.503980780034"
"19247","47678","48822","40.503980780034"
"19248","47678","48823","40.503980780034"
"19249","47678","48824","40.503980780034"
"19250","44593","48825","138.919640172835"
"19251","44593","48828","138.919640172835"
"19252","44593","48829","138.919640172835"
"19253","44593","48830","138.919640172835"
"19254","48079","48840","26.7484906968643"
"19255","48079","48841","26.7484906968643"
"19256","48340","48842","17.0376359042853"
"19257","48340","48843","17.0376359042853"
"19258","45691","48844","103.316756977377"
"19259","48456","48849","13.6118747922915"
"19260","48438","48850","14.5742584232876"
"19261","46942","48852","65.9793635773335"
"19262","42317","48857","219.940272835913"
"19263","48211","48865","22.44596704789"
"19264","48211","48867","22.44596704789"
"19265","48211","48868","22.44596704789"
"19266","47686","48870","41.6123823586095"
"19267","48581","48875","10.3828867149814"
"19268","48735","48877","5.41207195220022"
"19269","48048","48882","29.6032221129708"
"19270","48048","48883","29.6032221129708"
"19271","48323","48885","19.3749005034138"
"19272","48323","48886","19.3749005034138"
"19273","48323","48889","19.3749005034138"
"19274","48323","48890","19.3749005034138"
"19275","48539","48893","12.2481026018813"
"19276","48539","48894","12.2481026018813"
"19277","44945","48899","128.320592922124"
"19278","48796","48905","3.66719166946405"
"19279","48783","48907","4.30212175981433"
"19280","48783","48909","4.30212175981433"
"19281","48334","48910","19.546931294899"
"19282","47466","48917","51.2280853681959"
"19283","47408","48919","53.4651449309586"
"19284","46845","48920","70.9575883847078"
"19285","48535","48924","13.2995551692006"
"19286","48823","48925","3.53452606930477"
"19287","48823","48926","3.53452606930477"
"19288","48491","48932","15.9989302233935"
"19289","48463","48935","16.6306909510622"
"19290","48463","48936","16.6306909510622"
"19291","48233","48938","24.4511014566051"
"19292","48279","48942","22.5248416919812"
"19293","48069","48945","30.7714717632102"
"19294","47911","48948","35.8184643044247"
"19295","48744","48949","7.50964223700385"
"19296","48744","48950","7.50964223700385"
"19297","47838","48958","38.9496396209743"
"19298","47838","48960","38.9496396209743"
"19299","48476","48961","16.9686700132802"
"19300","48476","48962","16.9686700132802"
"19301","48849","48973","4.63747993186007"
"19302","46957","48974","69.4028147870063"
"19303","48820","48975","5.44240359491323"
"19304","48486","48979","17.8606351048561"
"19305","48486","48980","17.8606351048561"
"19306","48486","48983","17.8606351048561"
"19307","48610","48988","13.6987236661071"
"19308","48818","48990","5.77958790691264"
"19309","47709","48991","44.7797312594448"
"19310","48793","48999","7.15371415757045"
"19311","46964","49000","69.9667477171301"
"19312","48578","49006","15.3899206853539"
"19313","48336","49008","23.1991524217842"
"19314","48336","49009","23.1991524217842"
"19315","48336","49010","23.1991524217842"
"19316","48413","49015","20.4921432256492"
"19317","48161","49016","29.6836288650588"
"19318","48161","49017","29.6836288650588"
"19319","48230","49026","27.8888123003294"
"19320","48461","49028","20.0316029772976"
"19321","48394","49030","21.708802663909"
"19322","48281","49032","25.5035724938298"
"19323","48285","49033","25.4768303995534"
"19324","48775","49035","9.68563338724971"
"19325","48775","49036","9.68563338724971"
"19326","48775","49038","9.68563338724971"
"19327","47817","49042","43.4733775870081"
"19328","47817","49043","43.4733775870081"
"19329","48618","49044","15.3586470339874"
"19330","47950","49052","38.7216224196441"
"19331","48763","49054","10.8789069797722"
"19332","48028","49058","36.2501871294066"
"19333","48028","49059","36.2501871294066"
"19334","48713","49066","12.34130637935"
"19335","47432","49070","58.1108559264972"
"19336","48588","49073","17.8701834097942"
"19337","48351","49075","25.2480764914462"
"19338","47517","49077","56.0498418214393"
"19339","48361","49092","26.1442139145279"
"19340","48361","49094","26.1442139145279"
"19341","47640","49096","52.4283483011245"
"19342","48238","49108","30.9578499713798"
"19343","48752","49113","14.1365296714953"
"19344","48958","49146","7.31169394188282"
"19345","48526","49150","22.1818310912963"
"19346","48526","49153","22.1818310912963"
"19347","48232","49158","32.8322697380399"
"19348","47683","49162","52.8326339258961"
"19349","48441","49164","25.8664846420179"
"19350","48909","49166","10.0783400452769"
"19351","48909","49167","10.0783400452769"
"19352","48852","49171","11.4994976302301"
"19353","48202","49182","34.7243989210297"
"19354","48257","49185","32.3391119884609"
"19355","48257","49186","32.3391119884609"
"19356","48660","49192","19.4110802074147"
"19357","49054","49194","5.32423670280787"
"19358","49054","49195","5.32423670280787"
"19359","47538","49197","59.2655593146028"
"19360","47538","49198","59.2655593146028"
"19361","48867","49203","12.3734852785701"
"19362","48850","49208","12.852286956751"
"19363","48850","49209","12.852286956751"
"19364","48608","49218","22.3552848404615"
"19365","48499","49220","26.4621052787402"
"19366","48499","49223","26.4621052787402"
"19367","48499","49224","26.4621052787402"
"19368","48499","49227","26.4621052787402"
"19369","47978","49229","44.633296978961"
"19370","49030","49234","7.6943089776405"
"19371","48979","49245","9.80524608168116"
"19372","49108","49248","4.70282984857658"
"19373","49096","49271","6.00599673779607"
"19374","48515","49277","27.351770875076"
"19375","48988","49279","10.9150430708123"
"19376","48980","49282","11.0896802174411"
"19377","48936","49294","13.2018497875324"
"19378","48075","49300","44.2631432602448"
"19379","49185","49309","5.14255813400268"
"19380","48396","49318","32.9984945600922"
"19381","47826","49344","54.6278971040733"
"19382","48975","49365","14.8557044584559"
